322.045903225806 1024.3303225820105 3644646452.0 687451894.068947 1430.029569892473 56.18329032258064 1.0704296694962794
643.509857142857 1005.9008746272012 687451894.068947 685889489.9130433 647.1130952380952 59.67067857142857 0.11784309789081193
785.285774193548 1005.88746343273 685889489.9130433 690395378.2722498 782.9354838709677 1430.029569892473 0.190611620069433
810.8132 1005.9261405860278 690395378.2722498 684938810.3445532 809.1222222222223 603.9722222222222 0.16794840084538798
709.144935483871 1005.8793030930863 684938810.3445532 686164998.202233 704.6801075268817 782.9354838709677 0.19022233042351155
400.573266666667 1005.8898283107487 686164998.202233 686711013.9125077 397.2583333333333 809.1222222222223 0.09112784387810458
209.112838709677 1005.8945151408799 686711013.9125077 688218085.9025129 204.54569892473117 704.6801075268817 0.31387527195060994
155.613161290323 1005.9074513811374 688218085.9025129 688126424.3319204 150.9758064516129 384.44354838709677 0.38009447420597176
113.363733333333 1005.90666458654 688126424.3319204 687470082.9950507 107.75555555555556 211.36388888888888 0.4380031517532085
89.1516451612903 1005.9010307553223 687470082.9950507 687391877.7635701 82.84139784946237 150.9758064516129 0.4646210677862261
132.6879 1005.9003594657817 687391877.7635701 687535939.129097 130.90833333333333 107.75555555555556 0.4102839604953966
183.475935483871 1005.9015960440265 687535939.129097 688362971.7968419 185.16935483870967 82.84139784946237 0.33777975908892
219.466193548387 1005.9086950368827 688362971.7968419 688267360.5633421 222.50537634408602 126.68548387096774 0.29137784770381286
529.413142857143 1005.9078743395994 688267360.5633421 685620291.7911465 533.4642857142857 205.00892857142858 0.0301839629824604
573.648451612903 1005.8851527192372 685620291.7911465 689542871.5407264 571.516129032258 222.505376344086 0.1403726665256031
434.0214 1005.91882293168 689542871.5407264 687071645.8928237 431.18055555555554 497.8999999999999 0.04952393054158233
242.016225806452 1005.897610694359 687071645.8928237 688816065.3893532 237.36021505376345 571.516129032258 0.27316182572975756
141.2042 1005.9125842522691 688816065.3893532 687817864.360883 138.48611111111111 431.18055555555554 0.40106713757201684
112.736064516129 1005.9040160030977 687817864.360883 687647373.3351185 108.79569892473118 237.36021505376345 0.43242599189137554
95.8503870967742 1005.9025525608164 687647373.3351185 687803221.5136184 91.12096774193549 134.01881720430106 0.4543479221856023
70.4100666666667 1005.9038903134216 687803221.5136184 687555827.9711936 64.64444444444445 112.42222222222222 0.48974651571815525
51.7662903225806 1005.9017667637012 687555827.9711936 687461492.6726831 45.46236559139785 91.12096774193549 0.5109489104038151
33.0551333333333 1005.9009570186496 687461492.6726831 665023306.9881166 40.0 64.64444444444445 0.5193215428337942
89.5234193548387 1005.7083545664216 665023306.9881166 687275446.4094418 83.21505376344086 45.46236559139785 0.4654077374162404
197.699193548387 1005.8993600550166 687275446.4094418 687112332.333786 200.76344086021504 38.70967741935484 0.3184855528501188
483.033035714286 1005.8979599341956 687112332.333786 690378018.3766301 484.63988095238096 92.1309523809524 0.024838126295126384
883.652032258065 1005.9259915740482 690378018.3766301 691494295.5931009 882.5672043010753 200.76344086021504 0.19244960808790024
711.757666666667 1005.9355733527304 691494295.5931009 692044008.6447886 707.75 452.3305555555556 0.1683838758896412
355.195741935484 1005.9402919196978 692044008.6447886 688587267.1068867 352.48118279569894 882.5672043010753 0.12933002649633957
161.613233333333 1005.910620318514 688587267.1068867 687540227.9729846 158.9138888888889 707.75 0.3765698826812607
116.846161290323 1005.9016328581372 687540227.9729846 687664596.4907147 112.79569892473118 352.48118279569894 0.4274881065689381
91.6212580645161 1005.9027003990619 687664596.4907147 687775596.9181088 86.90860215053763 153.78763440860217 0.4595685506225061
67.8172333333333 1005.90365319243 687775596.9181088 687546837.6495899 62.044444444444444 116.55555555555556 0.4928668704392125
48.4465161290323 1005.9016895935587 687546837.6495899 687452911.1998138 42.14247311827957 86.90860215053763 0.515064284744831
51.3012333333333 1005.9008833579383 687452911.1998138 687509588.6656733 49.55555555555556 62.044444444444444 0.5078600409991428
84.7457096774193 1005.9013698597911 687509588.6656733 687431280.5378609 86.77688172043011 42.14247311827957 0.45974083225973783
209.807322580645 1005.9006976870202 687431280.5378609 687356304.605878 212.83870967741936 47.95698924731183 0.3034979152113788
689.364428571429 1005.9000541167886 687356304.605878 686543999.4191041 692.6577380952381 96.07440476190477 0.11780774336212085
568.289064516129 1005.8930815400781 686543999.4191041 689971995.6575756 566.3413978494624 212.83870967741936 0.13431513675707818
576.527233333333 1005.9225064004942 689971995.6575756 691286874.8068556 572.225 646.4805555555555 0.12000631938749506
381.711483870968 1005.933792916797 691286874.8068556 686683813.9217978 379.4247311827957 566.3413978494624 0.09604387445606144
185.7957 1005.8942816645647 686683813.9217978 688391936.3540761 182.03333333333333 572.225 0.3490458835439494
126.033225806452 1005.9089436596915 688391936.3540761 687382845.4842075 122.40591397849462 379.4247311827957 0.4155062591354882
97.3777741935484 1005.9002819354868 687382845.4842075 687554435.9631672 92.64247311827957 176.16129032258064 0.45247826794223733
66.5694 1005.9017548151344 687554435.9631672 687396085.0622267 60.769444444444446 126.48611111111111 0.4944051797830404
46.5674838709677 1005.9003955799333 687396085.0622267 687460622.76982 40.204301075268816 92.64247311827957 0.5174707592707064
36.6345333333333 1005.9009495516722 687460622.76982 674287453.7317995 40.0 60.76944444444445 0.5193215653646447
71.4001612903226 1005.7878751393287 674287453.7317995 687665837.9057751 68.40591397849462 40.204301075268816 0.483116887016639
217.974064516129 1005.9027110549852 687665837.9057751 687641510.8491383 220.98655913978496 38.70967741935484 0.29336437287501643
492.893857142857 1005.9025022390483 687641510.8491383 689288944.405553 495.16964285714283 75.73511904761905 0.012893685707386915
366.69335483871 1005.9166432996184 689288944.405553 688544255.3288856 366.3037634408602 220.98655913978496 0.11283019667362748
391.213866666667 1005.9102511187028 688544255.3288856 686651661.8148826 388.15 462.15833333333336 0.10144755528344607
225.662064516129 1005.8940056808144 686651661.8148826 687527052.1639622 221.33064516129033 366.3037634408602 0.29308803150150253
133.237333333333 1005.901519761064 687527052.1639622 687197984.4988494 130.26111111111112 388.15 0.41104886546687036
85.2490967741936 1005.8986951459128 687197984.4988494 687566839.4122169 81.10752688172043 221.33064516129033 0.46678492737411315
63.7061290322581 1005.9018612825082 687566839.4122169 687531238.9014041 59.04838709677419 126.05913978494624 0.49410813469193055
44.3738666666667 1005.9015556987245 687531238.9014041 683508793.1799332 40.07222222222222 83.81111111111112 0.5192331034040975
29.2655161290322 1005.8670282676388 683508793.1799332 638059220.0227534 40.0 59.04838709677419 0.5178280142191083
19.9402333333333 1005.4769031761609 638059220.0227534 581810608.1598424 40.0 40.07222222222222 0.5206010824910278
45.8698387096774 1004.994082473475 581810608.1598424 602577575.6926343 40.0 40.0 0.5205498408804329
275.221193548387 1005.1723397055162 602577575.6926343 688441958.213174 246.15591397849462 38.70967741935484 0.27617840383949355
551.286071428571 1005.9093730318727 688441958.213174 685674840.3924989 555.3869047619048 44.285714285714285 0.05479610606366625
549.275483870968 1005.885620947575 685674840.3924989 687424906.1811284 547.9543010752689 246.15591397849462 0.11121748406683651
453.0279 1005.9006429715117 687424906.1811284 686071847.6367452 449.75555555555553 518.3611111111112 0.02783519831659531
251.113419354839 1005.8890287350794 686071847.6367452 688314295.6086296 246.2715053763441 547.9543010752689 0.26228360758514524
131.736766666667 1005.9082772155247 688314295.6086296 687501391.67281 128.94722222222222 449.75555555555553 0.4125591849641834
91.9488709677419 1005.9012994993374 687501391.67281 687346812.8034463 88.00268817204301 246.2715053763441 0.45822192360772895
70.1550967741935 1005.8999726420897 687346812.8034463 687548798.2077954 65.40860215053763 124.78763440860214 0.48623401200498595
52.898 1005.9017064223844 687548798.2077954 687472054.3640692 47.06666666666667 90.9361111111111 0.5108424980312073
38.8994516129032 1005.9010476769447 687472054.3640692 667621209.3882083 40.01075268817204 65.40860215053763 0.5177086146911404
44.6923333333333 1005.7306541578387 667621209.3882083 675359893.3622334 40.0 47.06666666666667 0.5198354145225144
68.3542258064516 1005.7970806297187 675359893.3622334 687326661.5612341 65.88709677419355 40.01075268817204 0.4861694078346773
118.701903225806 1005.8997996700534 687326661.5612341 687573188.844159 121.61290322580645 38.70967741935484 0.4165763487915275
163.442892857143 1005.90191578407 687573188.844159 687694681.537049 166.34821428571428 72.94642857142857 0.3810592902730106
127.196838709677 1005.9029586398029 687694681.537049 686435104.5413395 127.0 121.61290322580645 0.4098684107042557
175.352066666667 1005.8921468200973 686435104.5413395 687963525.7591457 170.96944444444443 155.25833333333333 0.3623388509139516
101.320064516129 1005.905266315529 687963525.7591457 687679845.804778 97.42204301075269 127.0 0.44651652859491864
58.3389666666667 1005.9028312944615 687679845.804778 687542983.5092076 55.28888888888889 170.96944444444443 0.5009748822500593
41.7728709677419 1005.9016565108086 687542983.5092076 681372710.7411951 40.08064516129032 97.42204301075269 0.5176200823273832
32.6314516129032 1005.8486927960618 681372710.7411951 649297482.2885425 40.0 53.505376344086024 0.5178851838345874
21.9208 1005.5733689466828 649297482.2885425 587892405.6026716 40.0 41.416666666666664 0.5203100067676624
10.8536774193548 1005.0462867433705 587892405.6026716 494386548.61944914 40.0 40.0 0.5203870690627708
17.3578 1004.2436613615403 494386548.61944914 431850557.1122268 40.0 40.0 0.5243222651585521
37.3014516129032 1003.7068717348689 431850557.1122268 429131075.169795 40.0 40.0 0.5245633369422791
201.538193548387 1003.68352854223 429131075.169795 686996188.775071 108.1236559139785 38.70967741935484 0.451973803102474
659.617321428572 1005.8969629937774 686996188.775071 689056190.9246817 661.7232142857143 44.285714285714285 0.11767455163717777
1080.25241935484 1005.9146454156624 689056190.9246817 691621706.478911 1078.6263440860216 108.1236559139785 0.19190833870777535
895.072966666667 1005.9366670084027 691621706.478911 687679541.1399271 892.7972222222222 617.6083333333333 0.16843436582194493
543.825258064516 1005.9028286793126 687679541.1399271 688778844.4184861 539.4086021505376 1078.6263440860216 0.10135907867041472
224.001266666667 1005.9122647589569 688778844.4184861 686692137.5801849 221.70277777777778 892.7972222222222 0.30118207252473267
134.021806451613 1005.8943531122762 686692137.5801849 687848379.0179403 129.58602150537635 539.4086021505376 0.4067496337300894
96.0624516129032 1005.9042779314844 687848379.0179403 687621858.0040065 91.4758064516129 214.55107526881721 0.4538957629327851
65.9179666666667 1005.9023335450987 687621858.0040065 687459793.1227816 60.11944444444445 133.90555555555557 0.49518226170000246
43.6194838709677 1005.9009424302384 687459793.1227816 680213645.1458006 40.0 91.4758064516129 0.5177222705720489
40.2008 1005.8387437351571 680213645.1458006 676291523.7177442 40.0 60.11944444444445 0.5195092651356797
70.7292258064516 1005.8050774568046 676291523.7177442 687571347.1663841 68.51881720430107 40.0 0.4828860642405708
406.292612903226 1005.9018999756771 687571347.1663841 686407797.253616 409.73118279569894 38.70967741935484 0.05942093554070427
701.2355 1005.8919124227778 686407797.253616 686709299.5133123 704.0684523809524 75.86011904761904 0.11745693031931359
673.144322580645 1005.894500425007 686709299.5133123 690584558.7737949 671.0295698924731 409.73118279569894 0.19094732034067985
359.758866666667 1005.9277644529939 690584558.7737949 687685895.7226492 357.0833333333333 657.1305555555556 0.13826169045895886
152.153709677419 1005.9028832250871 687685895.7226492 687027962.3239892 148.3951612903226 671.0295698924731 0.3833472574531577
92.4419333333333 1005.8972357281028 687027962.3239892 687719234.6676668 89.07222222222222 357.0833333333333 0.4604849898296832
72.9201935483871 1005.903169396289 687719234.6676668 687560120.367053 68.9758064516129 148.3951612903226 0.4817956507734298
58.5487096774193 1005.9018036083008 687560120.367053 687556578.4008658 53.87903225806452 86.19892473118279 0.5005160080146145
40.2354333333333 1005.9017732051576 687556578.4008658 672793050.76272 40.09722222222222 71.275 0.5192024571683999
26.094 1005.7750476460319 672793050.76272 619005381.1624708 40.0 53.87903225806452 0.5181148078664214
21.0259 1005.3133509112658 619005381.1624708 565619595.7505597 40.0 40.09722222222222 0.521094584938112
37.604064516129 1004.855103826185 565619595.7505597 564156952.1832045 40.0 40.0 0.5209831733852435
87.1814838709678 1004.8425489457785 564156952.1832045 687645378.6491723 43.973118279569896 38.70967741935484 0.5164255449495256
229.777357142857 1005.9025354390486 687645378.6491723 688771047.7666979 232.26785714285714 44.285714285714285 0.3072461889262245
322.139225806452 1005.9121978349073 688771047.7666979 688227096.2550943 321.6747311827957 43.973118279569896 0.16831263612751335
279.0302 1005.9075287232197 688227096.2550943 688228632.614257 275.2361111111111 216.78333333333333 0.23702213265995697
121.557580645161 1005.9075419108519 688228632.614257 687601630.5591929 117.78763440860214 321.6747311827957 0.4212462291744863
60.7111 1005.902159918963 687601630.5591929 687392500.55228 57.68888888888889 275.2361111111111 0.498098692642193
41.6522903225807 1005.9003648116075 687392500.55228 681115902.0049857 40.0 117.78763440860214 0.5177240715748148
34.2437741935484 1005.8464884292273 681115902.0049857 653344456.8816177 40.0 55.82795698924731 0.5178920570041031
21.3034 1005.6081069260224 653344456.8816177 590308662.718421 40.0 41.333333333333336 0.5202051884221514
9.73222580645161 1005.0670271477976 590308662.718421 493789529.0625669 40.0 40.0 0.5203224009171497
7.27173333333333 1004.2385367301507 493789529.0625669 405148144.0546958 40.0 40.0 0.5243377282163872
42.6832903225806 1003.4776664725724 405148144.0546958 416778451.83258754 40.0 40.0 0.5252779941386425
163.609451612903 1003.577497440623 416778451.83258754 688193804.2900937 65.0752688172043 38.70967741935484 0.4984280918602091
305.377071428571 1005.9072429552797 688193804.2900937 687494977.0506341 308.6220238095238 44.285714285714285 0.22165521310094594
515.583290322581 1005.9012444382029 687494977.0506341 687895147.7959291 514.766129032258 65.0752688172043 0.07074827751870305
448.1112 1005.9046793802225 687895147.7959291 686643056.0904143 444.8 288.0472222222222 0.03364377633443727
271.508322580645 1005.8939318119349 686643056.0904143 686969279.2378472 267.3817204301075 514.766129032258 0.23603553996833115
125.965266666667 1005.8967320106252 686969279.2378472 687274286.5483979 122.74444444444444 444.8 0.42010966921260107
80.5058064516129 1005.8993500991278 687274286.5483979 687581994.9525397 76.38709677419355 267.3817204301075 0.47263103272483736
56.4302903225807 1005.9019913729832 687581994.9525397 687426918.6783372 51.81720430107527 118.78494623655914 0.5030709621573353
35.7994333333333 1005.9006602461659 687426918.6783372 661469916.5482963 40.0 78.93333333333334 0.5193224383148016
17.4331290322581 1005.6778533609296 661469916.5482963 584724649.8746622 40.0 51.81720430107527 0.518417857607068
11.4152333333333 1005.0190957070786 584724649.8746622 506557098.62962246 40.0 40.0 0.5219824703087417
42.3448387096774 1004.348129601971 506557098.62962246 517616726.7735342 40.0 40.0 0.5225639083739398
282.83335483871 1004.4430620323908 517616726.7735342 688292413.3292308 222.07258064516128 38.70967741935484 0.3172853004074036
526.084607142857 1005.9080893848002 688292413.3292308 690603349.5583205 528.0863095238095 44.285714285714285 0.02416857433092834
441.858967741935 1005.9279257472816 690603349.5583205 688322077.6408242 442.0430107526882 222.07258064516128 0.018472208031091286
449.691966666667 1005.9083440140843 688322077.6408242 687264894.4185994 446.30555555555554 492.88055555555553 0.03171407988218522
165.603064516129 1005.8992694799879 687264894.4185994 687183925.1708115 161.6290322580645 442.0430107526882 0.36698779698280487
75.6662 1005.8985744649855 687183925.1708115 687643075.0784967 72.3861111111111 446.30555555555554 0.4804877909168959
51.8997096774194 1005.9025156659098 687643075.0784967 687465398.6731019 47.96236559139785 161.6290322580645 0.5078472745921843
37.5056129032258 1005.9009905465501 687465398.6731019 668333489.8763337 40.005376344086024 70.0510752688172 0.5177154567083976
24.2406666666667 1005.7367681534449 668333489.8763337 612735105.6220702 40.0 49.56111111111111 0.5198169661580414
13.5417096774194 1005.2595288036229 612735105.6220702 526131361.7088957 40.0 40.005376344086024 0.5197221847952813
8.4959 1004.5161490275441 526131361.7088957 440569261.1060991 40.0 40.0 0.5235000611367403
67.8139677419355 1003.7817103957605 440569261.1060991 519738990.76483715 40.0 40.0 0.5243299915686322
315.535870967742 1004.4612788906852 519738990.76483715 687207041.4100705 255.9784946236559 38.70967741935484 0.2787495475291471
519.093035714286 1005.89877288764 687207041.4100705 686370150.7256743 522.3958333333334 44.285714285714285 0.01745244229495435
637.365612903226 1005.8915892766152 686370150.7256743 688116630.5635436 636.0456989247311 255.9784946236559 0.19080844377718376
611.278466666667 1005.9065805198587 688116630.5635436 690089418.8035679 606.7222222222222 487.56944444444446 0.1607125151826545
372.049967741935 1005.9235143244941 690089418.8035679 687689037.4310902 368.94086021505376 636.0456989247311 0.10936076448702448
150.201533333333 1005.9029101925415 687689037.4310902 687698959.2981006 147.09444444444443 606.7222222222222 0.3908413359950058
104.528032258065 1005.9029953587819 687698959.2981006 687864246.7694777 100.46236559139786 368.94086021505376 0.44276489872056923
77.6274193548387 1005.9044141353603 687864246.7694777 687610356.2509401 73.0510752688172 142.3494623655914 0.47673668151495385
50.0950666666667 1005.9022348176046 687610356.2509401 687468484.7372619 44.28888888888889 103.81111111111112 0.5141728017055699
29.337064516129 1005.9010170363713 687468484.7372619 642146746.882025 40.00806451612903 73.0510752688172 0.5177120421780383
19.3250666666667 1005.5119892436225 642146746.882025 584294524.7909184 40.0 44.28888888888889 0.5204952138247521
87.2251290322581 1005.015403646274 584294524.7909184 687706129.1856731 50.56720430107527 40.00806451612903 0.5081150533600989
407.438 1005.9030569028813 687706129.1856731 686701675.4346462 410.81720430107526 38.70967741935484 0.05803771501381183
586.189178571429 1005.8944349822716 686701675.4346462 685039568.2916074 589.8333333333334 55.98511904761905 0.0927597218467816
795.484806451613 1005.8801679681683 685039568.2916074 690755361.6199539 792.6827956989247 410.81720430107526 0.19026358935747079
813.061033333333 1005.9292305718451 690755361.6199539 686272465.2066678 810.9944444444444 550.5111111111112 0.1680910537650392
480.128290322581 1005.8907507743061 686272465.2066678 690560311.6421945 474.52150537634407 792.6827956989247 0.02047717467889243
215.483233333333 1005.9275563231089 690560311.6421945 687807861.3635447 213.44166666666666 810.9944444444444 0.310852016489705
136.859709677419 1005.9039301404596 687807861.3635447 687831504.4681034 132.84677419354838 474.52150537634407 0.4026105296973041
104.647935483871 1005.9041330855631 687831504.4681034 687660996.8589487 100.04032258064517 206.55645161290323 0.4432792038614882
75.7020333333333 1005.9026695009352 687660996.8589487 687587055.1700339 69.86944444444444 137.275 0.4834844675553606
48.0892258064516 1005.9020348083264 687587055.1700339 687472196.6541425 41.793010752688176 100.04032258064517 0.5154963286361676
36.4143333333333 1005.9010488983188 687472196.6541425 673700303.4604671 40.01111111111111 69.86944444444444 0.5193079378712573
69.0377096774194 1005.7828352228365 673700303.4604671 687655319.1800364 65.82795698924731 41.793010752688176 0.48631532784781695
126.959258064516 1005.9026207654938 687655319.1800364 687691275.8424752 129.94892473118279 38.72043010752689 0.406216265641605
263.442714285714 1005.9029294063731 687691275.8424752 687741276.9289384 266.3779761904762 72.88095238095238 0.2690479664125179
781.20964516129 1005.9033586002483 687741276.9289384 691452870.3267039 779.1559139784946 129.94892473118279 0.19136990028879142
445.711633333333 1005.9352177710446 691452870.3267039 688473945.9741157 443.06666666666666 248.61944444444447 0.03470269993198505
237.183193548387 1005.909647604928 688473945.9741157 688678521.1762222 233.1021505376344 779.1559139784946 0.2782197506512854
119.766933333333 1005.9114036152465 688678521.1762222 688008735.234579 116.92222222222222 443.06666666666666 0.4269620971725939
82.0065806451613 1005.9056543796959 688008735.234579 687612900.0476071 78.15053763440861 233.1021505376344 0.47040711498038346
62.4445161290323 1005.9022566527691 687612900.0476071 687423817.7876182 57.844086021505376 113.1505376344086 0.49559913345291595
43.3131 1005.9006336290782 687423817.7876182 680851182.0191859 40.0 80.75555555555556 0.5193225186291763
21.053935483871 1005.8442161546711 680851182.0191859 613550449.1013248 40.0 57.844086021505376 0.5178991419084696
18.0287666666667 1005.2665274600971 613550449.1013248 552421879.4550647 40.0 40.0 0.521235869974718
118.982064516129 1004.7418187077687 552421879.4550647 687490535.8804276 70.50268817204301 40.0 0.4862852355132996
505.424516129032 1005.9012063165701 687490535.8804276 687170856.1703184 508.5483870967742 38.70967741935484 0.06303991463377678
1142.19889285714 1005.8984622847237 687170856.1703184 684601335.16224 1146.220238095238 78.0565476190476 0.1177391537725837
1384.0545483871 1005.8764063104054 684601335.16224 691244094.4487975 1380.9059139784947 508.5483870967742 0.19008413917738953
1029.1991 1005.9334257034232 691244094.4487975 692091525.936594 1025.075 1069.8055555555554 0.16828472707078268
628.869709677419 1005.9406997934472 692091525.936594 685208745.8373154 627.4327956989247 1380.9059139784947 0.19315126485366307
285.549833333333 1005.8816201359426 685208745.8373154 687740179.3045434 281.46944444444443 1025.075 0.23009233982442184
175.252548387097 1005.9033491785797 687740179.3045434 687166709.0516509 171.46236559139786 627.4327956989247 0.35474642967186276
131.746967741936 1005.8984266871386 687166709.0516509 687189009.3907585 127.06720430107526 272.38978494623655 0.4098299906032591
92.7500666666667 1005.8986181063584 687189009.3907585 687656869.6404015 86.70833333333333 177.1777777777778 0.4633107414239981
57.665 1005.9026340741665 687656869.6404015 687492705.9164641 51.38709677419355 127.06720430107526 0.5036015283497355
69.6110666666667 1005.901224943489 687492705.9164641 687394764.5858625 67.925 86.70833333333333 0.48582445892127446
104.426483870968 1005.9003842453722 687394764.5858625 687685587.4251472 106.31989247311827 51.38709677419355 0.43552537164931593
223.112225806452 1005.9028805787566 687685587.4251472 688312211.0756656 225.88172043010752 65.73387096774194 0.2872933070049455
463.748178571429 1005.9082593225379 688312211.0756656 686208561.2950922 467.57440476190476 117.71130952380952 0.04360065232468169
440.777451612903 1005.8902022428763 686208561.2950922 688252155.2990872 439.3467741935484 225.88172043010752 0.023111694980916142
328.4019 1005.9077438223097 688252155.2990872 689180583.6509496 324.25 436.40277777777777 0.1782009866107595
189.986838709677 1005.9157131643858 689180583.6509496 688111151.8667376 186.38172043010752 439.3467741935484 0.3360719078295661
115.086433333333 1005.9065334924182 688111151.8667376 687794358.640878 112.10555555555555 324.25 0.43278461332746554
88.146 1005.9038142372607 687794358.640878 687368633.387326 84.3010752688172 186.38172043010752 0.4627935403089226
67.9768064516129 1005.9001599432388 687368633.387326 687517964.0673195 63.25 108.48924731182795 0.48890844823634966
48.0371333333333 1005.9014417516507 687517964.0673195 687470750.6297357 42.19444444444444 87.1111111111111 0.5166877894988132
31.1604516129032 1005.9010364860922 687470750.6297357 647007227.5470022 40.00806451612903 63.25 0.5177119815219905
37.0707333333333 1005.5537101076995 647007227.5470022 635074928.8209839 40.0 42.19444444444444 0.5203693253295378
54.1066451612903 1005.4512869426693 635074928.8209839 678117114.203071 40.0 40.00806451612903 0.5191242869431214
213.558516129032 1005.8207477613997 678117114.203071 688052828.9919769 212.8521505376344 38.70967741935484 0.3048077621778187
303.007357142857 1005.9060328668838 688052828.9919769 689267583.7005483 305.4613095238095 44.285714285714285 0.22522112697471935
518.175774193549 1005.9164599459274 689267583.7005483 689627451.9721718 517.3736559139785 212.8521505376344 0.07459391684073124
636.139866666666 1005.9195489439671 689627451.9721718 689455280.2001857 632.4111111111112 285.09722222222223 0.1676440897446706
413.18735483871 1005.9180710746797 689455280.2001857 689560707.2671887 409.14247311827955 517.3736559139785 0.05963493171336709
183.440366666667 1005.9189760280445 689560707.2671887 688000609.0230207 180.9388888888889 632.4111111111112 0.350021049400268
115.014935483871 1005.905584626807 688000609.0230207 687561857.5569323 111.1747311827957 409.14247311827955 0.4294630888102162
85.7002580645161 1005.901818519802 687561857.5569323 687481369.4391857 81.05913978494624 175.10215053763443 0.4668251581661661
59.9293 1005.9011276346711 687481369.4391857 687464020.6912761 54.075 114.88055555555555 0.5024380488876418
36.361064516129 1005.90097871838 687464020.6912761 660871347.6083388 40.00268817204301 81.05913978494624 0.517718825509863
32.9351666666667 1005.6727154301144 660871347.6083388 638196122.5983638 40.0 54.075 0.5200102387839283
61.8636129032258 1005.4780783055653 638196122.5983638 687524364.821263 45.424731182795696 40.00268817204301 0.5124957700265937
224.013225806452 1005.9014966937447 687524364.821263 688317822.3052528 226.72043010752688 38.70967741935484 0.2862780817501189
331.442714285714 1005.9083074875987 688317822.3052528 689570832.4102485 333.8809523809524 50.291666666666664 0.19334107319610633
585.414741935484 1005.9190629391437 689570832.4102485 688928988.4444937 584.986559139785 226.72043010752688 0.15859856823594054
530.715533333333 1005.9135535488797 688928988.4444937 686160517.8784585 527.9888888888889 311.62222222222226 0.0665171303753539
342.166096774194 1005.8897898530339 686160517.8784585 687700270.5250108 337.5860215053763 584.986559139785 0.14916676569551696
164.600666666667 1005.9030066139485 687700270.5250108 688298126.1448369 161.26666666666668 527.9888888888889 0.37383866001526334
106.053258064516 1005.908138421844 688298126.1448369 687731786.9943943 102.26075268817205 337.5860215053763 0.440494567627536
79.5767096774194 1005.9032771415827 687731786.9943943 687666092.6043037 74.93010752688173 156.06451612903226 0.4744138095925336
53.0012666666667 1005.9027132412386 687666092.6043037 687432231.08084 47.230555555555554 105.66944444444445 0.5106423188295424
36.3235483870968 1005.9007058461874 687432231.08084 660747057.3449187 40.0 74.93010752688173 0.5177230082361535
27.9102 1005.6716485609005 660747057.3449187 625065418.3455293 40.0 47.23055555555555 0.5200134579540702
66.388064516129 1005.3653683978157 625065418.3455293 687368276.6937528 45.096774193548384 40.0 0.5132876585284187
216.662483870968 1005.9001568814914 687368276.6937528 688187041.0496229 219.36021505376345 38.70967741935484 0.2954240758313069
338.498142857143 1005.9071849017134 688187041.0496229 688904678.4640774 341.1577380952381 49.92857142857143 0.18521774655787004
316.20564516129 1005.91334487952 688904678.4640774 688215092.5290921 315.7956989247312 219.36021505376345 0.17557644314263188
245.134933333333 1005.907425686945 688215092.5290921 688056571.1920891 241.40277777777777 318.4138888888889 0.2776234692446806
123.089064516129 1005.9060649887732 688056571.1920891 687125060.2476636 119.43279569892474 315.7956989247312 0.41922000433918516
69.729 1005.8980691866752 687125060.2476636 687581432.7864072 66.45 241.40277777777777 0.48760955270870404
52.2432580645161 1005.9019865475227 687581432.7864072 687488705.2479589 48.274193548387096 119.43279569892474 0.5074627259622964
40.308935483871 1005.9011906029867 687488705.2479589 675778940.8661256 40.026881720430104 64.30645161290323 0.5176881771654207
26.5055666666667 1005.8006776040011 675778940.8661256 625953991.2998482 40.0 49.88333333333333 0.5196241258432864
20.3899032258065 1005.372995633475 625953991.2998482 557458308.7177148 40.0 40.026881720430104 0.5193683976016978
16.3810333333333 1004.7850498602379 557458308.7177148 492219720.73125553 40.0 40.0 0.5226886800223147
66.2608064516129 1004.2250619805258 492219720.73125553 567394379.3888322 40.0 40.0 0.5229476306341705
