4.356124840470847
5.471424593486372
5.268983996827375
4.975016537180408
3.3787915151249894
2.7276975862891426
3.411402509873234
4.856816686176299
6.240490930544775
7.140572499263439
7.706570571050557
7.487471864334934
6.895497290128928
6.537545787827778
5.514579384038439
4.493174470037763
3.356636223164104
3.597778658176825
4.36019164177139
5.5711547128553915
6.687090823567823
7.456723840127102
8.040525456104508
8.02504027126072
7.674538397768957
7.349926086745346
6.362453155092372
5.346121771728952
3.773703588920746
3.248307965781148
3.7536762702714457
5.057934048985302
6.355323724298826
7.235053916857856
7.884641468056801
7.864477361668896
7.437466404751284
6.960194764903768
4.682817932333506
1.8559611223341026
0.5300932849904196
0.7947132110780846
1.8601769367575933
3.267021937865886
5.053620184549188
6.287377685133663
7.262778511798979
7.5569674982975865
7.435703450208827
7.178426318944001
6.426973216659864
6.128814565631663
5.761387665956917
5.708877385909626
5.884841954088991
6.606314545821261
7.400838952637275
7.990436859549678
8.416467745738938
8.354805280046671
7.9250724178377
7.424712921003918
5.771401924021769
4.1646592789887285
3.0500301652447916
3.4047144312120814
4.332035319182946
5.686871893066918
6.861901007450684
7.6628487691779
8.206783012385769
8.087843030107024
7.5874221757529465
7.228140389099448
6.4902372459403965
6.205332526324314
5.950802823164438
6.220028582682622
6.643438710181759
7.267342411185327
7.90138143600705
8.406546253149422
8.738271299989249
8.608741325509145
8.175383300551745
7.740112236180657
6.752662691526523
5.265060985354953
2.643473411205372
2.0444226950829485
2.607128460853108
4.344972965564588
5.994708950960117
7.090308262488655
7.896550939450535
8.003408282803761
7.690696437549849
7.295251969163788
6.103698973586406
4.975283793425358
4.309408873773185
5.131873059742257
6.087666352139123
6.996841010002621
7.780034421693898
8.359627624730019
8.75476821009882
8.694051989258737
8.341588606857707
8.032126738584
7.42935038373443
6.746153164354793
5.967931779922244
6.230573072927668
6.873665181644548
7.562431712798397
8.190472459512986
8.688779408651888
9.007799414197708
8.878668399871009
8.436690580233755
8.057159503961422
7.484450190633023
7.15510549141146
6.73082228649288
6.8404555184232425
7.244434840531031
7.78118499410324
8.317065656620278
8.766908936702311
9.054803324873845
8.924463513932398
8.455727059357974
7.910839948153152
7.006640016717919
6.291056992774845
5.308867624089964
5.010120408986635
5.409985913820598
6.423454040946396
7.390771167043114
8.076301895966902
8.555475878158317
8.524581053224193
8.037982614684921
7.421003998864522
5.461593137145067
2.688160219058247
0.5379699176857464
1.5140334949668457
2.433581414134455
4.143268441466074
5.77322797134337
6.891665625593004
7.76601383699626
7.932766890927815
7.595885570137287
7.14468200335204
5.478368548175309
3.4664223527133995
0.7201164431018441
1.2644791766792025
2.3337554120066653
4.089216992403287
5.768741797835332
6.913286106556014
7.773763310991859
7.942350734573211
7.6821931500972855
7.405627742771804
6.574776931717011
4.823008824648719
2.4088737484681495
2.2382833288844806
2.9132895536953765
4.583613538853498
6.13998129027909
7.201786184135841
8.018548130890423
8.144462719379558
7.722649061957777
7.154685471051473
5.0587350525535895
2.3503687618709943
0.5359226643424257
0.7981129079465497
2.0338455211474358
3.576379112034246
5.317520371495557
6.52984806618506
7.469966256620951
7.578174552881468
7.246516259950434
7.016558044561876
6.1544350115913655
5.229165120960207
3.833280075971862
3.270546829306319
3.4942424285847933
4.770895974655818
6.180743976142207
7.155359208554626
7.902259475224253
8.018060568999903
7.693818882015331
7.248102757493088
6.044280754257562
4.5832822966117295
1.4313218273980226
0.801936361431764
1.9567850963771871
3.426884556187055
5.221840716274655
6.483515562989141
7.476910956412745
7.716472244792875
7.438804573439773
7.007113961174125
5.150337178829629
1.3942917245437112
0.5151652917000149
0.7929669706635281
1.9444012422077996
3.4340100244137366
5.219860654217528
6.468110404429179
7.452256796142759
7.6628634017409825
7.422169521142758
7.123505181647353
6.124001949184839
5.409728831549025
4.6629671592474295
4.621440694104052
5.025419350991779
6.02941674587459
7.02786582035667
7.774924356197193
8.355030052601263
8.328518505551422
