404.3198924731183 582.0 62840000.0 -6359945.153315093 430.16129032258067 2.524418855017726
252.6220238095238 484.6288997416719 -6359945.153315093 -3283503.8506333316 251.35416666666666 1.9771253753516935
1610.0994623655913 493.7088818389074 -3283503.8506333316 20650575.338328935 1601.1559139784947 0.006733160005941485
887.1194444444444 544.4914029912094 20650575.338328935 15738539.123512635 889.0 1.728426925747418
987.5698924731183 537.7528695557213 15738539.123512635 4473526.077294522 991.760752688172 1.6464518365051992
926.8333333333334 516.6034167718208 4473526.077294522 6494451.723586576 926.0416666666666 0.7154220437124215
765.4596774193549 521.2425430429116 6494451.723586576 8408440.113841299 764.7311827956989 1.0267390109097718
427.494623655914 525.004520223757 8408440.113841299 1234791.520973913 430.16129032258067 0.6347852615409497
240.59444444444443 507.0444332269521 1234791.520973913 -15255270.580938762 246.94444444444446 1.4893553477054178
172.25806451612902 458.3747353727631 -15255270.580938762 -1964813.5608223975 167.28494623655914 2.6901252018035002
145.025 497.6009386166018 -1964813.5608223975 -10118138.785804037 148.16666666666666 2.358063938553782
137.2768817204301 473.53675542830644 -10118138.785804037 5524418.629382452 131.43817204301075 2.68869035286847
192.48924731182797 519.3359262715448 5524418.629382452 9033171.363919426 191.18279569892474 1.690410850279288
363.55059523809524 526.2324402670141 9033171.363919426 -7566983.509299144 370.4166666666667 0.23021835859140616
392.3736559139785 481.0663787686704 -7566983.509299144 -12774227.095358957 394.31451612903226 1.0368002510211305
623.4388888888889 465.6974268253482 -12774227.095358957 2948313.955698571 617.3611111111111 1.1336901845756713
640.0241935483871 512.1018198304113 2948313.955698571 -11060408.853809988 645.241935483871 0.683643227455133
470.9138888888889 470.75568648972575 -11060408.853809988 -6624689.736059081 469.19444444444446 1.0395395278353714
268.008064516129 483.8475176722139 -6624689.736059081 7097446.38003381 262.8763440860215 1.7682579854735638
158.93279569892474 522.4277394366183 7097446.38003381 -15296432.495378574 167.28494623655914 1.8642732014719934
128.55555555555554 458.2532477806301 -15296432.495378574 -2144523.762544765 123.47222222222223 2.8941277104454186
101.20967741935483 497.07053180763484 -2144523.762544765 -19130414.469027568 107.54032258064517 2.6229987570560453
72.08888888888889 446.93741748947184 -19130414.469027568 7695745.835736928 61.736111111111114 3.1992792881202354
71.70698924731182 523.6037073323105 7695745.835736928 7735497.996493192 71.69354838709677 2.735457949226147
98.0510752688172 523.681840889659 7735497.996493192 -17672540.362610918 107.54032258064517 2.402430284761393
236.83333333333334 451.24026922103167 -17672540.362610918 11215626.05877215 224.89583333333334 2.6496603686655553
463.11559139784947 530.5232028430361 11215626.05877215 3459049.392136878 466.008064516129 1.169249714140972
661.2361111111111 513.6092331573749 3459049.392136878 -10865412.428497251 666.75 0.6066611387377128
979.9811827956989 471.331209919775 -10865412.428497251 -10454746.42552218 979.8118279569892 0.846675985151986
756.6277777777777 472.54327268583734 -10454746.42552218 -1547030.4005757524 753.1805555555555 0.8850212694457134
384.63440860215053 498.83400736140743 -1547030.4005757524 4504049.2129006265 382.36559139784947 0.5848014972189843
177.64247311827958 516.6935044730271 4504049.2129006265 217184.29177219607 179.23387096774192 1.8337767610823952
131.94444444444446 504.0410099485315 217184.29177219607 -9852904.331713837 135.81944444444446 2.379669499407588
96.03225806451613 474.3195833316406 -9852904.331713837 -8699577.229835384 95.59139784946237 2.8769758176625873
74.93888888888888 477.7235778847576 -8699577.229835384 -6490957.079796977 74.08333333333333 2.98897698330136
66.97043010752688 484.2422237644826 -6490957.079796977 -19137134.293613218 71.69354838709677 2.9529570150317546
110.88978494623656 446.91758422079187 -19137134.293613218 -10158485.074592348 107.54032258064517 3.0386926635905467
302.5416666666667 473.41767511964963 -10158485.074592348 -14331912.073262336 304.2708333333333 1.91500064810003
380.98655913978496 461.09998766726443 -14331912.073262336 -18033950.00544652 382.36559139784947 1.6968346543261832
813.4444444444445 450.1735844499441 -18033950.00544652 10118528.858211875 802.5694444444445 1.6975791649601035
677.5322580645161 528.3657291351061 10118528.858211875 558500.1290049748 681.0887096774194 1.29410681717399
624.9111111111112 505.0483887302671 558500.1290049748 -11900682.22528717 629.7083333333334 0.29569651293862576
413.9247311827957 468.2756563447834 -11900682.22528717 8592386.208242396 406.26344086021504 1.3656872080333415
201.7284946236559 525.3660694437868 8592386.208242396 4811008.999355804 203.13172043010752 1.4891393708694634
141.51944444444445 517.5994828718851 4811008.999355804 -12445112.782677608 148.16666666666666 2.137052721560353
101.20430107526882 466.66879334044654 -12445112.782677608 2561445.5711256107 95.59139784946237 2.933343600748206
69.29444444444445 510.95999469536105 2561445.5711256107 -9860017.581362443 74.08333333333333 2.805323092446987
61.03225806451613 474.2985888860758 -9860017.581362443 -6407691.044392466 59.744623655913976 3.0732883303214855
104.09408602150538 484.48797983014254 -6407691.044392466 -15629690.701381793 107.54032258064517 2.7272895402974537
223.44940476190476 457.2696507454361 -15629690.701381793 -19119924.965042643 224.89583333333334 2.5552637639507623
328.6236559139785 446.96837680220403 -19119924.965042643 -3050084.2301092707 322.6209677419355 2.31437889532107
574.875 494.39780965093956 -3050084.2301092707 14811739.380245289 567.9722222222222 0.09117575955115775
430.51612903225805 536.4814475252463 14811739.380245289 -16269503.213517305 442.11021505376345 1.1379454765463555
425.1222222222222 455.38127206884195 -16269503.213517305 -2508586.411103561 419.80555555555554 1.7694387671642493
243.70967741935485 495.9960168060632 -2508586.411103561 10141240.543691037 238.9784946236559 1.6928554898374915
141.33602150537635 528.4103693444962 10141240.543691037 4627015.977311903 143.38709677419354 2.0175776664968663
92.23611111111111 517.0564355058526 4627015.977311903 -12352537.407661455 98.77777777777777 2.5621087757112537
62.45967741935484 466.9420255152515 -12352537.407661455 -5105508.104659612 59.744623655913976 3.1071633589802508
43.577777777777776 488.3313158852764 -5105508.104659612 -20179117.42392699 49.388888888888886 3.086980677979658
53.12903225806452 443.8422165352056 -20179117.42392699 -5891600.270858084 47.795698924731184 3.2508691068037217
121.20967741935483 486.01119920057414 -5891600.270858084 -1275589.8631598535 119.48924731182795 2.638491660713717
209.59821428571428 499.63515224853785 -1275589.8631598535 -6271081.431073945 211.66666666666666 1.9807047828080355
408.2930107526882 484.891177135471 -6271081.431073945 -843947.2195170508 406.26344086021504 0.8454186724097315
649.5527777777778 500.9091266530759 -843947.2195170508 -13447534.376194451 654.4027777777778 0.1453417092883753
619.3252688172043 463.71018980229974 -13447534.376194451 13116409.845294874 609.3951612903226 1.1327299228046392
486.5444444444444 534.1557246975165 13116409.845294874 -5942062.714362884 493.8888888888889 1.352993128258844
270.7123655913978 485.86226150323955 -5942062.714362884 -16981045.431480665 274.8252688172043 1.6514021149197955
142.05913978494624 453.281186299319 -16981045.431480665 11444217.865219641 131.43817204301075 2.89388773788981
101.88333333333334 530.9734594314932 11444217.865219641 -12532634.029700877 111.125 2.3419935299452193
71.69623655913979 466.41047820360114 -12532634.029700877 -12551774.3186897 71.69354838709677 3.0514895816331062
57.97222222222222 466.35398647687686 -12551774.3186897 9686554.803851562 49.388888888888886 3.167940509468936
59.9005376344086 527.5166766834324 9686554.803851562 10107731.672891777 59.744623655913976 2.8282331111345194
74.38172043010752 528.3445070812011 10107731.672891777 -14689141.333909709 83.64247311827957 2.5941024177622984
122.00892857142857 460.0456411115673 -14689141.333909709 -7553951.4684272595 119.0625 2.9298804498181843
157.6720430107527 481.1048422679428 -7553951.4684272595 -1303538.8297021633 155.33602150537635 2.4687141803051724
204.11666666666667 499.5526620948596 -1303538.8297021633 -16321444.799096176 209.90277777777777 1.8932766774897003
153.9811827956989 455.2279687482985 -16321444.799096176 12034313.993580133 143.38709677419354 2.8263431052108996
185.5861111111111 532.1357699873548 12034313.993580133 -19005099.12943238 197.55555555555554 1.5018031862516434
106.66129032258064 447.307280239345 -19005099.12943238 10626803.152732307 95.59139784946237 3.0759910361043463
59.42741935483871 529.3647510243359 10626803.152732307 9759051.48987638 59.744623655913976 2.81972321757336
43.102777777777774 527.6591701697571 9759051.48987638 -6550685.141319147 49.388888888888886 2.942105183940352
37.87096774193548 484.06593900037836 -6550685.141319147 -1154559.7813906774 35.846774193548384 3.1770745815623584
42.675 499.9923672471576 -1154559.7813906774 -18567173.31405607 49.388888888888886 3.044023832054379
50.56182795698925 448.59979915074695 -18567173.31405607 -11155495.83865242 47.795698924731184 3.2333431790764275
99.14784946236558 470.47504140824907 -11155495.83865242 -1622335.3856309499 95.59139784946237 2.9053007756670195
241.95535714285714 498.61174798804063 -1622335.3856309499 7653268.0152776195 238.125 1.8202306452733261
429.5698924731183 523.5202164438216 7653268.0152776195 6060147.594805799 430.16129032258067 0.5855745119077893
878.8305555555555 520.3889107897908 6060147.594805799 11666836.708774582 876.6527777777778 0.8529265551873966
1223.3951612903227 531.4119510930408 11666836.708774582 -8053575.239572026 1230.739247311828 1.4084463376842535
965.625 479.630224535632 -8053575.239572026 -1497452.9418461407 963.0833333333334 0.6275944059170078
578.983870967742 498.9803330648424 -1497452.9418461407 13028918.338564506 573.5483870967741 0.19113003377633175
239.97043010752688 534.0357002478502 13028918.338564506 -16343474.883792393 250.92741935483872 0.8718040992490117
148.80833333333334 455.162947915797 -16343474.883792393 -14706846.454078756 148.16666666666666 2.8270616741796024
99.18010752688173 459.99338522291305 -14706846.454078756 -5120799.619964339 95.59139784946237 2.9825251829390904
69.70833333333333 488.2861836459304 -5120799.619964339 -16470665.512717336 74.08333333333333 2.9306113761826853
60.62903225806452 454.7875503313972 -16470665.512717336 -14098433.691932933 59.744623655913976 3.163131502586303
160.45430107526883 461.78908890924635 -14098433.691932933 -381154.1424231429 155.33602150537635 2.69996841282968
286.0625 502.2750402010035 -381154.1424231429 -12416984.513131138 291.0416666666667 1.394900968324325
608.6102150537635 466.751812699108 -12416984.513131138 -14530189.990585638 609.3951612903226 1.0185630274186308
760.4416666666667 460.5147790569121 -14530189.990585638 4255813.471801597 753.1805555555555 1.3219449925776754
712.6559139784946 515.9608475284241 4255813.471801597 -7242475.358392379 716.9354838709677 0.8284912991714082
382.65833333333336 482.02415039853116 -7242475.358392379 -7535476.4992537955 382.7638888888889 1.1526939263790563
167.23655913978496 481.1593703322994 -7535476.4992537955 -7684091.687439274 167.28494623655914 2.396356991659951
99.89516129032258 480.7207390972665 -7684091.687439274 3823048.8921483015 95.59139784946237 2.8298148107457384
78.41388888888889 514.6835617787679 3823048.8921483015 -16981364.355412517 86.43055555555556 2.6821694738615465
56.33064516129032 453.28024500926773 -16981364.355412517 5854657.123703405 47.795698924731184 3.2161014068410934
43.91111111111111 519.9850157258999 5854657.123703405 -8351122.21435906 49.388888888888886 2.970375145183228
50.655913978494624 478.75202763917315 -8351122.21435906 -686830.241363035 47.795698924731184 3.122268749054178
64.9247311827957 501.3728505497634 -686830.241363035 -18807948.509856183 71.69354838709677 2.8582986082660993
113.24702380952381 447.8891616796476 -18807948.509856183 -866268.6477896641 105.83333333333333 3.071703979885802
138.55376344086022 500.84324593273726 -866268.6477896641 -13818245.719097296 143.38709677419354 2.3222320161569057
296.3666666666667 462.6160514698486 -13818245.719097296 -13752967.284194475 296.3333333333333 2.0891713547101474
354.252688172043 462.8087179184938 -13752967.284194475 6936975.460804772 346.51881720430106 1.8108909929711725
290.7111111111111 522.1123310781336 6936975.460804772 -7652919.942901547 296.3333333333333 0.7741411210135647
127.16935483870968 480.8127411393973 -7652919.942901547 -19106537.12614385 131.43817204301075 2.6149815752053502
62.274193548387096 447.00789042380825 -19106537.12614385 -12347931.845034394 59.744623655913976 3.198954778896298
42.84166666666667 466.95561863213135 -12347931.845034394 2663511.8619858916 37.041666666666664 3.2243476815373064
37.534946236559136 511.2612388936283 2663511.8619858916 7157240.96075529 35.846774193548384 3.101938283525058
39.65833333333333 522.5452667159673 7157240.96075529 -18073175.751584653 49.388888888888886 2.9609437222439654
52.163978494623656 450.05781137396355 -18073175.751584653 -6370328.853181318 47.795698924731184 3.227972170538156
87.8010752688172 484.59825270517354 -6370328.853181318 4776241.886077599 83.64247311827957 2.8761183217114477
135.93154761904762 517.496869255996 4776241.886077599 -18414014.766570862 145.52083333333334 2.2433560181361383
217.502688172043 449.0518399122567 -18414014.766570862 -11933505.21501146 215.08064516129033 2.6417876139775163
418.1166666666667 468.1787807246262 -11933505.21501146 -16336832.904621543 419.80555555555554 1.3687205969756278
591.7956989247311 455.1825514271362 -16336832.904621543 501334.46468597 585.497311827957 1.452813651556364
479.81111111111113 504.8796667695586 501334.46468597 -4006006.467427901 481.5416666666667 0.2482124430966146
288.31451612903226 491.57644693108654 -4006006.467427901 96712.45955283428 286.7741935483871 1.449067538772824
132.0188172043011 503.68544259906855 96712.45955283428 1630156.8645616812 131.43817204301075 2.383271545336001
84.79166666666667 508.21133676530826 1630156.8645616812 -2640933.9821780953 86.43055555555556 2.7238935120396204
51.706989247311824 495.60539873221217 -2640933.9821780953 7805749.839826305 47.795698924731184 3.0601844958510913
40.93055555555556 523.819922098969 7805749.839826305 -14125758.938686827 49.388888888888886 2.9562481615096714
52.06720430107527 461.70843963727367 -14125758.938686827 -2681821.097204573 47.795698924731184 3.1850537211026517
123.48387096774194 495.4847221985418 -2681821.097204573 8026351.019650019 119.48924731182795 2.5512455250171597
202.0625 524.2535175213811 8026351.019650019 -15200011.922459187 211.66666666666666 1.6179493875562083
352.13709677419354 458.5378288890523 -15200011.922459187 -160207.8802229003 346.51881720430106 1.924955616583088
623.025 502.9271534408955 -160207.8802229003 14489561.359118745 617.3611111111111 0.21864463521701216
488.1559139784946 536.0394704565527 14489561.359118745 9772907.601428965 489.9059139784946 1.5821396379369528
466.0138888888889 527.6864045959121 9772907.601428965 1507807.2685517054 469.19444444444446 0.9528073109688711
174.34139784946237 507.8502272780555 1507807.2685517054 -11616066.993110325 179.23387096774192 1.9559396189210703
77.53494623655914 469.1156857679073 -11616066.993110325 4009813.856493664 71.69354838709677 3.0365414632007064
51.95 515.2347904113988 4009813.856493664 10622164.74158789 49.388888888888886 2.987873970170177
38.70161290322581 529.3556341472589 10622164.74158789 -13755034.332467204 47.795698924731184 2.9358557695918694
40.025 462.80261711582483 -13755034.332467204 -6029474.035566004 37.041666666666664 3.2358217656953565
59.685483870967744 485.60427080764975 -6029474.035566004 -6184377.96703697 59.744623655913976 3.021228655199392
133.29032258064515 485.1470786215607 -6184377.96703697 -1215377.5803533946 131.43817204301075 2.571072924133823
199.9970238095238 499.81286617060744 -1215377.5803533946 2565951.703913874 198.4375 2.0669693854566686
444.4139784946237 510.9732943494157 2565951.703913874 8727774.718991056 442.11021505376345 0.2687540641065813
666.2638888888889 525.632177895948 8727774.718991056 7435535.588747464 666.75 1.0433833036441227
743.3064516129032 523.0922596054692 7435535.588747464 14023008.263350004 740.8333333333334 1.0961678666409922
648.8166666666667 535.3994337186751 14023008.263350004 -481496.34076919593 654.4027777777778 1.3981696892465578
397.10752688172045 501.9788845864676 -481496.34076919593 6972853.0153006185 394.31451612903226 0.40124296590177666
162.09408602150538 522.1828490300736 6972853.0153006185 -6951955.741249337 167.28494623655914 1.8674306370218587
113.91388888888889 482.8816063559242 -6951955.741249337 253228.35054552066 111.125 2.7406040052886684
76.47849462365592 504.14739241326055 253228.35054552066 -18964612.154841546 83.64247311827957 2.7500922565124686
47.63333333333333 447.4267757760015 -18964612.154841546 8480865.578746384 37.041666666666664 3.278302775355778
65.51881720430107 525.1468737237429 8480865.578746384 -8054375.927875686 71.69354838709677 2.7269309015110674
160.80913978494624 479.62786133908526 -8054375.927875686 6613788.955916166 155.33602150537635 2.486397057323402
231.81845238095238 521.4771024305938 6613788.955916166 -8634321.0853241 238.125 1.441190570068874
646.1559139784946 477.916178544286 -8634321.0853241 -6197573.87608236 645.241935483871 0.5995100972098637
789.6055555555556 485.10813147253356 -6197573.87608236 -7832041.148207899 790.2222222222222 0.4286145861924595
929.494623655914 480.28407272761933 -7832041.148207899 17376624.39496596 920.0672043010753 0.5106315160427402
872.8777777777777 540.0000623468848 17376624.39496596 7561363.189680471 876.6527777777778 1.5652831991337015
513.6908602150538 523.3395759245444 7561363.189680471 7229195.206423972 513.8037634408602 1.1054508505232956
234.41935483870967 522.6866940264196 7229195.206423972 -5006069.671381136 238.9784946236559 1.2012414520397723
155.075 488.6248040767003 -5006069.671381136 -19131710.998343386 160.51388888888889 2.3786828486556173
109.05913978494624 446.9335908398407 -19131710.998343386 -15090785.972643618 107.54032258064517 3.038559992345426
78.31944444444444 458.86020450792546 -15090785.972643618 -4118988.588834978 74.08333333333333 3.093209997799746
61.93010752688172 491.24298513586564 -4118988.588834978 1738285.729694386 59.744623655913976 2.9952638670451233
76.86559139784946 508.5304743866708 1738285.729694386 -16404866.149978358 83.64247311827957 2.7218361499624213
151.875 454.98175427579184 -16404866.149978358 -1025315.8852996577 145.52083333333334 2.8766602732058444
361.6693548387097 500.37382495989226 -1025315.8852996577 7541469.020337585 358.46774193548384 0.718222315304605
378.46944444444443 523.300473591698 7541469.020337585 -3613220.211030061 382.7638888888889 0.0257186931849116
843.7715053763441 492.7357384062802 -3613220.211030061 16024981.132468503 836.4247311827957 0.04325996435927548
477.725 538.1458224921951 16024981.132468503 6110637.167977509 481.5416666666667 1.443030864281642
254.59139784946237 520.4881489163696 6110637.167977509 -16101927.942898335 262.8763440860215 1.025888154346747
128.1236559139785 455.8758631588242 -16101927.942898335 7003418.398731016 119.48924731182795 2.9160221652708818
88.84166666666667 522.2429258181954 7003418.398731016 -18776908.013001375 98.77777777777777 2.5238969098466444
58.80107526881721 447.98077634997634 -18776908.013001375 10673321.496277997 47.795698924731184 3.235623528099146
42.925 529.4561836306153 10673321.496277997 -6087002.713356617 49.388888888888886 2.9354853665698464
75.00268817204301 485.4344774285396 -6087002.713356617 2779959.973600056 71.69354838709677 2.9463689996768743
190.15860215053763 511.6049304075186 2779959.973600056 45789.378343450604 191.18279569892474 1.804328262311463
420.2767857142857 503.5351453496738 45789.378343450604 -7337380.510851311 423.3333333333333 0.4462575159134379
917.9274193548387 481.74404198739023 -7337380.510851311 -13082300.006697293 920.0672043010753 0.4558317714978264
1349.536111111111 464.7881630870292 -13082300.006697293 -3570971.6455946267 1345.8472222222222 1.166718335074906
1540.3037634408602 492.8604332013517 -3570971.6455946267 -6596639.640544523 1541.4112903225807 0.03857956244651595
1134.463888888889 483.9303063036355 -6596639.640544523 -10470078.924033541 1135.9444444444443 0.4713979781839508
682.8897849462365 472.4980194863475 -10470078.924033541 -5680470.929361771 681.0887096774194 0.8028799492061549
308.505376344086 486.6343382279031 -5680470.929361771 -11511191.42465425 310.6720430107527 1.4048086006117362
200.09444444444443 469.4252214262631 -11511191.42465425 -4958517.623522395 197.55555555555554 2.4258527556530645
138.94354838709677 488.7651518684387 -4958517.623522395 -16888856.0714647 143.38709677419354 2.45571144516117
105.10277777777777 453.5532791677157 -16888856.0714647 -503099.81019005144 98.77777777777777 3.0299731591069854
82.15322580645162 501.91512289031283 -503099.81019005144 -4488324.615130257 83.64247311827957 2.764482871580012
132.64247311827958 490.1529059902951 -4488324.615130257 -1254248.931033347 131.43817204301075 2.520361799731864
256.67261904761904 499.69813907733845 -1254248.931033347 11621720.641634598 251.35416666666666 1.7134439011640585
355.741935483871 531.3230861123105 11621720.641634598 4312398.904906834 358.46774193548384 0.136856657573174
530.5 516.1278569620551 4312398.904906834 3167724.7237363835 530.9305555555555 0.6981477806945584
492.53494623655916 512.7494011263676 3167724.7237363835 10180076.099309828 489.9059139784946 0.7079501019683967
356.1611111111111 528.4867012986434 10180076.099309828 5215181.279336143 358.06944444444446 0.056798483846413284
209.58333333333334 518.7281149283504 5215181.279336143 -9529473.12761517 215.08064516129033 1.486760667493094
125.0241935483871 475.2741764000483 -9529473.12761517 5274140.282439352 119.48924731182795 2.7373739612509795
96.57777777777778 518.8439998654843 5274140.282439352 -452563.7952049526 98.77777777777777 2.548938757949523
67.22043010752688 502.0642777306572 -452563.7952049526 -12460216.290870177 71.69354838709677 2.8544780011068736
50.827777777777776 466.62421599587816 -12460216.290870177 -8738603.080700107 49.388888888888886 3.166945041097178
55.61827956989247 477.6083947909433 -8738603.080700107 -19786403.16324418 59.744623655913976 3.0580475495070365
102.75806451612904 445.00129551819174 -19786403.16324418 -584049.3606280094 95.59139784946237 3.0929805557108607
135.26190476190476 501.67620382882603 -584049.3606280094 6609424.8591507925 132.29166666666666 2.494225254248365
365.61021505376345 521.4685247231585 6609424.8591507925 -6272565.805846828 370.4166666666667 0.026582274974975117
471.75 484.88679606818016 -6272565.805846828 324540.9024329847 469.19444444444446 0.5450073590171698
636.8790322580645 504.35786829455947 324540.9024329847 9895560.247739375 633.2930107526881 0.392975075990448
684.0972222222222 527.927480486936 9895560.247739375 -9176068.067011476 691.4444444444445 1.1267580124569792
440.38978494623655 476.3172359963932 -9176068.067011476 -13811890.374505073 442.11021505376345 0.912152609215449
197.24193548387098 462.63480899175187 -13811890.374505073 2393936.3182556573 191.18279569892474 2.525910526317523
127.96666666666667 510.4655984538808 2393936.3182556573 -17987472.45851633 135.81944444444446 2.3145857314452636
86.58602150537635 450.3107608991361 -17987472.45851633 -10128415.716539137 83.64247311827957 3.097157085686805
61.480555555555554 473.5064235162339 -10128415.716539137 -10799445.846441425 61.736111111111114 3.07693604233771
57.95967741935484 471.52590740467764 -10799445.846441425 -15576435.85070321 59.744623655913976 3.0860557952245258
105.89247311827957 457.4268301105457 -15576435.85070321 -19981907.268689327 107.54032258064517 2.951586527484012
149.76785714285714 444.4242736924119 -19981907.268689327 -9700179.961202724 145.52083333333334 2.983611966062645
399.5833333333333 474.7703426387802 -9700179.961202724 4402960.029824358 394.31451612903226 1.2281446869576884
466.75 516.3951441656952 4402960.029824358 -1959710.8893930092 469.19444444444446 0.5576584744075856
683.013440860215 497.6159989283934 -1959710.8893930092 3161145.6637382666 681.0887096774194 0.13991994037817168
574.5027777777777 512.7299833182178 3161145.6637382666 -11939463.648964383 580.3194444444445 0.5747232149095884
366.13709677419354 468.1611946671341 -11939463.648964383 8577106.222244898 358.46774193548384 1.608206172714754
176.2688172043011 525.3360363678606 8577106.222244898 613583.2553844256 179.23387096774192 1.7143870402857773
116.66944444444445 505.2109641712317 613583.2553844256 -17046094.59057788 123.47222222222223 2.46167198124164
80.44354838709677 453.08919654819715 -17046094.59057788 6363860.398386015 71.69354838709677 3.125098756205782
53.141666666666666 520.9858635416552 6363860.398386015 -15921368.027599314 61.736111111111114 2.8583057783829426
59.29032258064516 456.40877786028926 -15921368.027599314 -17134678.00602761 59.744623655913976 3.155666178598012
103.69623655913979 452.8277464676465 -17134678.00602761 4580906.001830801 95.59139784946237 3.0353185770188738
151.51190476190476 516.9203439277336 4580906.001830801 -12921661.460851619 158.75 2.1445581340863127
311.72849462365593 465.26228073690385 -12921661.460851619 -10099918.649882047 310.6720430107527 1.9165544963860246
387.93055555555554 473.59053136345483 -10099918.649882047 3268175.718896213 382.7638888888889 1.3934683542034336
349.0725806451613 513.0458778499461 3268175.718896213 10083204.058934443 346.51881720430106 0.46918375136155266
259.6722222222222 528.2962976330781 10083204.058934443 11053279.804434491 259.2916666666667 0.9828035098010641
131.9005376344086 530.2034299178255 11053279.804434491 -19730424.46646405 143.38709677419354 1.9977618991892159
72.54838709677419 445.16651419606706 -19730424.46646405 -17459280.999608804 71.69354838709677 3.168876984414419
52.93611111111111 451.8696949137758 -17459280.999608804 -8283739.485088344 49.388888888888886 3.2212975749430544
40.77150537634409 478.95090482071004 -8283739.485088344 4879289.976660259 35.846774193548384 3.191206609306238
42.38611111111111 517.8010111932497 4879289.976660259 -13279900.733695488 49.388888888888886 2.978420555781096
59.22849462365591 464.2049531743355 -13279900.733695488 -14658751.031308522 59.744623655913976 3.1197668532092764
