252
252
252
252
252
252
252
252
240.59444444444443
172.25806451612902
145.025
137.2768817204301
192.48924731182797
252
252
252
252
252
252
158.93279569892474
128.55555555555554
101.20967741935483
72.08888888888889
71.70698924731182
98.0510752688172
236.83333333333334
252
252
252
252
252
177.64247311827958
131.94444444444446
96.03225806451613
74.93888888888888
66.97043010752688
110.88978494623656
252
252
252
252
252
252
201.7284946236559
141.51944444444445
101.20430107526882
69.29444444444445
61.03225806451613
104.09408602150538
223.44940476190476
252
252
252
252
243.70967741935485
141.33602150537635
92.23611111111111
62.45967741935484
43.577777777777776
53.12903225806452
121.20967741935483
209.59821428571428
252
252
252
252
252
142.05913978494624
101.88333333333334
71.69623655913979
57.97222222222222
59.9005376344086
74.38172043010752
122.00892857142857
157.6720430107527
204.11666666666667
153.9811827956989
185.5861111111111
106.66129032258064
59.42741935483871
43.102777777777774
37.87096774193548
42.675
50.56182795698925
99.14784946236558
241.95535714285714
252
252
252
252
252
239.97043010752688
148.80833333333334
99.18010752688173
69.70833333333333
60.62903225806452
160.45430107526883
252
252
252
252
252
167.23655913978496
99.89516129032258
78.41388888888889
56.33064516129032
43.91111111111111
50.655913978494624
64.9247311827957
113.24702380952381
138.55376344086022
252
252
252
127.16935483870968
62.274193548387096
42.84166666666667
37.534946236559136
39.65833333333333
52.163978494623656
87.8010752688172
135.93154761904762
217.502688172043
252
252
252
252
132.0188172043011
84.79166666666667
51.706989247311824
40.93055555555556
52.06720430107527
123.48387096774194
202.0625
252
252
252
252
174.34139784946237
77.53494623655914
51.95
38.70161290322581
40.025
59.685483870967744
133.29032258064515
199.9970238095238
252
252
252
252
252
162.09408602150538
113.91388888888889
76.47849462365592
47.63333333333333
65.51881720430107
160.80913978494624
231.81845238095238
252
252
252
252
252
234.41935483870967
155.075
109.05913978494624
78.31944444444444
61.93010752688172
76.86559139784946
151.875
252
252
252
252
252
128.1236559139785
88.84166666666667
58.80107526881721
42.925
75.00268817204301
190.15860215053763
252
252
252
252
252
252
252
200.09444444444443
138.94354838709677
105.10277777777777
82.15322580645162
132.64247311827958
252
252
252
252
252
209.58333333333334
125.0241935483871
96.57777777777778
67.22043010752688
50.827777777777776
55.61827956989247
102.75806451612904
135.26190476190476
252
252
252
252
252
197.24193548387098
127.96666666666667
86.58602150537635
61.480555555555554
57.95967741935484
105.89247311827957
149.76785714285714
252
252
252
252
252
176.2688172043011
116.66944444444445
80.44354838709677
53.141666666666666
59.29032258064516
103.69623655913979
151.51190476190476
252
252
252
252
131.9005376344086
72.54838709677419
52.93611111111111
40.77150537634409
42.38611111111111
59.22849462365591
