4118.016998342608 312.5358064514652 22393561032.0 1452385208.3374307 11939.900537634408
3066.8103768953324 296.50688012766545 1452385208.3374307 588013422.0288547 3417.285714285714
4374.657413978499 295.5898720793856 588013422.0288547 821251924.5865326 4257.185483870968
3349.54899 295.83731373285224 821251924.5865326 630888550.418877 3369.777777777778
2839.9988268817206 295.6353581056852 630888550.418877 536794562.14669365 2813.293010752688
2738.8905400000003 295.5355342267629 536794562.14669365 517001006.7102505 2677.4
2303.9520118279565 295.51453533493554 517001006.7102505 436159521.7607001 2254.3951612903224
1587.4090322580646 295.4287709757699 436159521.7607001 309374351.3800323 1573.3682795698924
1049.7068844444445 295.29426517226824 309374351.3800323 214554078.5855205 1040.861111111111
714.7374365591397 295.1936707814402 214554078.5855205 155514152.77439693 701.1666666666666
584.4496933333335 295.13103559598386 155514152.77439693 135720877.92858917 578.1
1103.4929720430114 295.11003700183386 135720877.92858917 234175794.36904073 1076.225806451613
1897.7847505376387 295.21448736937094 234175794.36904073 377155980.116573 1846.6344086021506
2197.9598630952396 295.3661743901088 377155980.116573 430169781.45842344 2169.315476190476
2079.7050580645164 295.4224164878617 430169781.45842344 404525441.2606759 2059.5564516129034
2208.4435577777776 295.39521052541977 404525441.2606759 423632002.48002285 2148.5138888888887
2208.461196774194 295.4154805882453 423632002.48002285 422175129.77979755 2147.5860215053763
1959.0331677777776 295.4139349987055 422175129.77979755 375494374.40921205 1908.4555555555555
1504.4207924731186 295.3644116002644 375494374.40921205 291029239.43460596 1456.8655913978494
1108.3152946236562 295.27480292747146 291029239.43460596 222366249.94737998 1072.8897849462367
799.0908055555556 295.20195867806854 222366249.94737998 168962162.19923982 774.3916666666667
567.9689645161291 295.1453025272642 168962162.19923982 128816920.69801939 547.4005376344086
382.4346111111111 295.1027126253957 128816920.69801939 99029491.61539306 379.96944444444443
489.4646064516128 295.0711112790318 99029491.61539306 122640991.40640701 490.0833333333333
1191.2361741935485 295.096160610446 122640991.40640701 248888195.19831443 1146.3172043010752
3301.4974404761906 295.2300956876706 248888195.19831443 630526475.972071 3136.9464285714284
3063.260074193547 295.6349739825717 630526475.972071 583112534.5756531 3050.9381720430106
2252.9682433333332 295.5846727504516 583112534.5756531 431806167.47966534 2258.725
2461.900889247311 295.42415252225726 431806167.47966534 468133667.4688955 2386.7688172043013
2320.962435555555 295.4626921997336 468133667.4688955 441245766.22769254 2262.5
1747.692159139785 295.4341669491064 441245766.22769254 335166022.8172204 1708.002688172043
1214.4915967741936 295.3216274377437 335166022.8172204 241616482.1296037 1188.284946236559
871.0706777777777 295.22238116075704 241616482.1296037 182043439.91538215 848.7166666666667
587.2252849462366 295.1591803945633 182043439.91538215 132273459.32515521 570.241935483871
418.5427033333333 295.10637965131036 132273459.32515521 105568296.27320547 414.8833333333333
474.2260129032263 295.07804826678677 105568296.27320547 119919293.16055347 478.3010752688172
1559.3428933259233 295.0932731733085 119919293.16055347 315730084.669709 1488.4596774193549
3637.293261904762 295.30100794045165 315730084.669709 691554989.7814945 3475.122023809524
4203.803942780334 295.69971885187937 691554989.7814945 790190465.4116328 4136.623655913979
4145.8278730158745 295.80436077382944 790190465.4116328 775476058.2825031 4097.9
4431.629603225807 295.7887503270555 775476058.2825031 825613710.4628432 4350.110215053764
3614.5496833333336 295.8419411314055 825613710.4628432 675942670.0856047 3602.516666666667
2333.942658391772 295.6831558137976 675942670.0856047 441612536.067102 2341.6209677419356
1679.8779204301075 295.43455605354035 441612536.067102 326086639.2340972 1661.5779569892472
1191.51912 295.31199516150446 326086639.2340972 240345801.68266264 1179.1055555555556
773.4493387480799 295.2210331017215 240345801.68266264 166056445.1614404 765.5483870967741
553.77333 295.14221986543754 166056445.1614404 130090473.10576868 553.6666666666666
1751.213645084484 295.1040637312813 130090473.10576868 351881608.59819126 1677.9569892473119
2878.222618580643 295.33936092573543 351881608.59819126 555320458.0295217 2804.521505376344
2460.4919549047618 295.55518826440647 555320458.0295217 477765709.58809423 2485.7976190476193
3243.7696184032256 295.47291078886917 477765709.58809423 615816621.9197919 3162.1693548387098
3469.307320888889 295.61936836613603 615816621.9197919 652611978.5908507 3401.8805555555555
2220.638689247313 295.65840439061196 652611978.5908507 424351482.5885278 2244.3817204301076
1403.4818722222221 295.4162438813797 424351482.5885278 274680465.4535526 1393.0
1120.4801913978495 295.2574585884294 274680465.4535526 221274120.26132837 1061.6505376344087
824.4472 295.20080004271307 221274120.26132837 170778383.11329466 782.4220430107526
732.5160244610448 295.1472293476695 170778383.11329466 156973300.20193577 692.5777777777778
370.21168894623656 295.1325835987714 156973300.20193577 92853696.37642293 358.6639784946237
262.2235988888889 295.0645594062979 92853696.37642293 77225756.76991293 254.3138888888889
288.5048279569893 295.04797979712487 77225756.76991293 86133667.89195676 294.5940860215054
1265.6869746610566 295.0574301590197 86133667.89195676 262328501.38101712 1202.1209677419354
1717.2013660173125 295.24435444661685 262328501.38101712 342799555.0921793 1677.2410714285713
1676.1697566436246 295.32972581698726 342799555.0921793 331174197.76185644 1650.9112903225807
2359.214177777778 295.31739252892197 331174197.76185644 451057579.29418844 2260.3444444444444
2266.8707161290326 295.44457625641223 451057579.29418844 432711846.35243297 2212.260752688172
2308.8225218222224 295.42511335280335 432711846.35243297 438893949.053534 2237.6194444444445
1733.5362879955715 295.4316719170948 438893949.053534 332621626.51134694 1693.9301075268818
1202.3108701819688 295.3189280994179 332621626.51134694 239436687.79455835 1175.975806451613
877.5632466832669 295.2200686269834 239436687.79455835 183308237.63141954 853.8777777777777
529.7912887096775 295.16052221263675 183308237.63141954 121916120.10647222 517.1666666666666
383.66452888888887 295.09539159782145 121916120.10647222 99212444.51189208 378.46666666666664
550.3892946236557 295.0713053729174 99212444.51189208 133725167.82428907 546.9435483870968
1134.114518279569 295.107919762173 133725167.82428907 238533123.87804785 1097.1989247311828
1042.0056749999999 295.21911004018466 238533123.87804785 220183390.15527776 1042.9375
1121.5157473118275 295.19964289216557 220183390.15527776 230527332.96718815 1088.225806451613
2054.118339910258 295.21061673346827 230527332.96718815 395653972.7873842 1937.9666666666667
1122.9441580645157 295.3857988253632 395653972.7873842 225091341.76363716 1125.8467741935483
1087.0636522222221 295.2048497154293 225091341.76363716 217275734.91994599 1022.1138888888889
824.5287430107526 295.1965581741141 217275734.91994599 167684338.75411257 764.516129032258
590.0910559139785 295.1439468902547 167684338.75411257 128272174.40198328 544.0779569892474
482.06052222222223 295.10213470655845 128272174.40198328 111415135.39523594 443.4166666666667
230.41711612903237 295.08425115149083 111415135.39523594 67582249.0380299 211.3494623655914
183.02325222222223 295.0377490441736 67582249.0380299 62878327.822192505 170.9111111111111
1484.453349462369 295.0327586758139 62878327.822192505 303383606.490957 1404.1827956989248
3004.594901075269 295.2879096185985 303383606.490957 578212874.398225 2904.2419354838707
2855.4228928571383 295.5794747235288 578212874.398225 549511161.7798164 2860.5089285714284
3806.8533709677363 295.5490252087628 549511161.7798164 718081599.6186731 3713.690860215054
4920.340769111111 295.7278608101195 718081599.6186731 916069254.9252324 4789.980555555556
3034.2240912495367 295.9379050020425 916069254.9252324 572032816.0424193 3100.6559139784945
3046.371093333333 295.57291832807385 572032816.0424193 572841211.5693511 2976.722222222222
2396.433319354838 295.5737759511663 572841211.5693511 452873003.5505276 2361.3978494623657
1583.8257387096778 295.44650223164706 452873003.5505276 308644946.1939311 1576.2956989247311
1056.0903733333334 295.2934913496647 308644946.1939311 215647161.1262783 1046.5388888888888
702.506761586949 295.19483042767484 215647161.1262783 153192364.16764608 690.2150537634409
452.04148818313627 295.12857242114114 153192364.16764608 111738009.65443212 454.06666666666666
792.8047658735505 295.0845936873058 111738009.65443212 177858536.75401053 777.5806451612904
1708.5559895371891 295.15474065006794 177858536.75401053 342800322.85915124 1649.2016129032259
2593.5819112679264 295.3297266315077 342800322.85915124 501919746.61489195 2521.0535714285716
3104.9234546748485 295.4985356955388 501919746.61489195 590563101.4780502 3041.8064516129034
2743.137058773453 295.5925770225738 590563101.4780502 520812502.7947707 2717.1833333333334
2176.1767121225007 295.51857893358243 520812502.7947707 416185528.6755968 2153.8172043010754
1622.3338057516335 295.4075806584719 416185528.6755968 314452487.54653174 1593.2166666666667
1068.2776960486647 295.2996525435461 314452487.54653174 211833292.34168038 1027.8494623655913
737.162327786698 295.19078431184136 211833292.34168038 154972027.02042636 697.5672043010753
534.0543636445202 295.1304604572676 154972027.02042636 120826992.71071246 502.0527777777778
266.7028505376344 295.0942361475819 120826992.71071246 74137033.72574982 248.68817204301075
169.8880288888889 295.0447029850687 74137033.72574982 60453475.25239733 161.24166666666667
200.13021827956993 295.03018616088735 60453475.25239733 70149223.57909448 205.91666666666666
447.1948677419357 295.0404723356451 70149223.57909448 113737316.65885264 433.1209677419355
1091.5584940476192 295.0867147429014 113737316.65885264 229090753.0407763 1037.2232142857142
1736.2860806451595 295.20909267243877 229090753.0407763 342073919.97350776 1664.5
1243.3487266666666 295.3289559940309 342073919.97350776 248520398.63668486 1227.3777777777777
1283.6065817204308 295.22970549399184 248520398.63668486 254158847.76760393 1220.6639784946237
1138.2399799999998 295.2356872987138 254158847.76760393 226540740.33797264 1080.888888888889
756.8349204301076 295.20638737570334 226540740.33797264 155334879.61499804 704.9408602150538
503.5111913978494 295.1308454059145 155334879.61499804 112468950.41211265 458.84139784946234
318.13571 295.08536913899013 112468950.41211265 81764921.07699077 284.90833333333336
182.16095806451617 295.05279537563865 81764921.07699077 58707239.96998791 155.35752688172042
123.9786722222222 295.0283335879164 58707239.96998791 52160105.22387217 112.58611111111111
234.34415698924664 295.0213877628091 52160105.22387217 76325200.98764385 234.7311827956989
663.4012311827958 295.0470244016419 76325200.98764385 152979297.1424521 636.986559139785
1994.1690904761917 295.12834637931513 152979297.1424521 393112398.0787178 1888.1964285714287
2515.097830967741 295.38310248045696 393112398.0787178 483574104.98081744 2451.4811827956987
1835.0903588888889 295.4790728887978 483574104.98081744 355879691.0682836 1831.9666666666667
1493.914421505377 295.3436024730196 355879691.0682836 292386573.80427516 1456.6344086021506
1170.4651933333334 295.2762429172547 292386573.80427516 232352687.59524888 1125.588888888889
822.7601709677419 295.2125532437887 232352687.59524888 167323971.7782257 768.508064516129
518.0122817204301 295.14356457858923 167323971.7782257 115192842.9804645 476.7903225806452
334.8304522222222 295.08825890407434 115192842.9804645 84678588.50608735 301.52222222222224
169.36481827956987 295.0558864719988 84678588.50608735 56453379.85549422 144.49462365591398
94.70097555555554 295.02594247809833 56453379.85549422 46713160.14328023 84.54444444444445
249.35690537634423 295.0156091238524 46713160.14328023 79051538.64756204 246.69354838709677
1145.8906053763437 295.04991676071245 79051538.64756204 240686382.20510074 1087.758064516129
3060.0953452380922 295.2213944220296 240686382.20510074 586750380.2041614 2910.2648809523807
2030.163797849463 295.5885321241292 586750380.2041614 395472114.6627789 2071.8521505376343
1879.4907511111112 295.38560589291615 395472114.6627789 364046630.32055336 1839.2222222222222
1586.693117204301 295.35226674126943 364046630.32055336 309192366.68570024 1546.1317204301076
1582.905417777778 295.29407210554393 309192366.68570024 307197583.5914131 1515.3638888888888
1134.3047870967741 295.29195584934376 307197583.5914131 223818849.85755065 1086.6451612903227
764.5463193548386 295.20349973462504 223818849.85755065 159878844.45035103 727.5752688172043
510.2016888888889 295.1356660772866 159878844.45035103 116643298.36343734 481.71666666666664
322.36688602150537 295.0897976855118 116643298.36343734 84152609.9539672 299.03225806451616
208.87457999999998 295.05532846377463 84152609.9539672 67503126.02561988 201.36666666666667
1056.7324268817201 295.03766510293406 67503126.02561988 225815743.5514023 1007.1102150537635
3000.638430107524 295.2056182299506 225815743.5514023 577489998.5047103 2871.5940860215055
2619.384546428564 295.5787078278217 577489998.5047103 506640654.723613 2641.907738095238
3536.9651344085996 295.50354408521497 506640654.723613 669039374.5704334 3446.1881720430106
3007.1897200000008 295.6758321393703 669039374.5704334 568765711.3408056 2992.863888888889
3795.2012139784947 295.5694522717386 568765711.3408056 710091103.7441056 3680.0564516129034
2913.3754411111113 295.71938372983675 710091103.7441056 548778954.3744828 2906.322222222222
2089.182641935484 295.54824841329776 548778954.3744828 397109508.3761046 2066.22311827957
1424.9970010752688 295.38734299636764 397109508.3761046 279768450.3926724 1407.534946236559
987.6293266666667 295.26285640822476 279768450.3926724 203291979.91494775 971.7388888888889
654.5136537634409 295.18172287281453 203291979.91494775 144504380.1583443 640.8709677419355
404.03156666666666 295.11935537890764 144504380.1583443 103020762.60990022 406.075
462.35013870967725 295.07534560005297 103020762.60990022 117737043.94670264 466.2876344086022
1690.6453795698885 295.0909580351652 117737043.94670264 339529453.44081557 1610.0645161290322
2739.8465500000016 295.3262565812018 339529453.44081557 528527630.66820705 2654.9583333333335
3553.62076419355 295.5267638772207 528527630.66820705 672121410.5474347 3469.8575268817203
3511.3911022222223 295.6791018571477 672121410.5474347 660312046.3469807 3462.6833333333334
3756.8352301075265 295.66657335704116 660312046.3469807 703186003.4256128 3678.4489247311826
3349.1894811111115 295.7120581407019 703186003.4256128 627801585.1853989 3308.7027777777776
2291.658927956989 295.63208315848226 627801585.1853989 433919570.3024129 2284.282258064516
1564.612420430107 295.42639462158115 433919570.3024129 305196598.2035776 1551.3091397849462
1078.3911088888885 295.2898330131589 305196598.2035776 219772865.80466074 1065.9083333333333
702.7844096774195 295.1992073687722 219772865.80466074 153336665.27252716 691.9784946236559
469.3066133333333 295.1287255095189 153336665.27252716 114831499.02859004 470.19166666666666
429.2908139784946 295.08787555593955 114831499.02859004 111741965.1649145 439.8736559139785
623.0400311827956 295.0845978836887 111741965.1649145 145710336.08130828 612.5618279569892
1398.2777047619056 295.12063477199376 145710336.08130828 284851116.9075013 1334.0892857142858
1945.1169193548394 295.2682485857283 284851116.9075013 380033843.42311317 1879.9112903225807
2036.9665355555553 295.36922750204025 380033843.42311317 392565705.627597 1979.6638888888888
2633.5347053763444 295.3825224969527 392565705.627597 499200754.4214584 2532.0618279569894
2337.04882 295.49565112923983 499200754.4214584 444155869.19841903 2289.4305555555557
1818.852311827957 295.4372542639491 444155869.19841903 348063986.5997354 1775.3790322580646
1252.3114731182795 295.33531082813465 348063986.5997354 248521057.11647132 1228.3172043010752
871.9841214559387 295.22970619257 248521057.11647132 182224975.78487974 852.2222222222222
534.9285666666667 295.1593729851314 182224975.78487974 122823482.63976331 521.5591397849462
357.28710555555557 295.0963542145552 122823482.63976331 94484966.88145411 354.26666666666665
780.1814096774197 295.0662900136659 94484966.88145411 175498288.63097152 759.3951612903226
1782.8336159279236 295.15223667370145 175498288.63097152 356329456.57507014 1717.5483870967741
2797.96811499057 295.3440796271749 356329456.57507014 539153215.86053 2715.627976190476
3936.982139850063 295.538036511628 539153215.86053 741697867.0202154 3831.0994623655915
4157.4294510213695 295.7529151994698 741697867.0202154 777478198.8324962 4090.025
5031.38531892153 295.79087438874654 777478198.8324962 934597415.8715574 4909.572580645161
4098.711410711111 295.9575614426815 934597415.8715574 763851164.4026018 4094.463888888889
2708.2513417590126 295.7764175306626 763851164.4026018 509544002.256784 2723.0779569892475
1875.641515343259 295.5066242332451 509544002.256784 361685086.2741278 1869.282258064516
1341.2604689054892 295.3497613900638 361685086.2741278 267412974.38564333 1332.0666666666666
840.8049532258065 295.2497485406171 267412974.38564333 178401453.86456037 838.3736559139785
552.7075377777778 295.15531662833075 178401453.86456037 129908326.68247257 557.4333333333333
530.528876344086 295.1038704929795 129908326.68247257 130088996.92446448 539.9005376344086
1307.4650430107529 295.1040621652074 130088996.92446448 269959203.4903273 1257.4623655913979
3419.040570238091 295.2524498233507 269959203.4903273 651955899.341252 3254.3333333333335
1566.411524798387 295.65770835915686 651955899.341252 311192996.3068678 1664.034946236559
2615.779451021369 295.29619456429754 311192996.3068678 497560798.1333578 2491.136111111111
1953.153278494624 295.49391130716464 497560798.1333578 375702446.51268536 1937.3629032258063
2207.836410711111 295.36463234300095 375702446.51268536 420679715.3245038 2121.7472222222223
1870.1465030493346 295.4123485203952 420679715.3245038 357330899.77686983 1814.4166666666667
1405.8458164185279 295.3451420536568 357330899.77686983 276316880.1552378 1374.8413978494623
1032.1826911277115 295.2591946532519 276316880.1552378 211284601.3340157 1011.8583333333333
583.7109496113615 295.19020220807766 211284601.3340157 131718050.86381379 577.8494623655914
513.0858752895506 295.105790421031 131718050.86381379 122818095.41658144 502.5444444444444
590.4497169110455 295.096348499275 122818095.41658144 140987959.66476807 593.1102150537635
1262.1227983102924 295.11562482459664 140987959.66476807 261780767.16820583 1219.241935483871
1808.846004029301 295.2437733579124 261780767.16820583 359507679.1012721 1761.7470238095239
2510.611730686521 295.34745138881954 359507679.1012721 482665144.62605506 2434.793010752688
2712.8100065769245 295.4781085769426 482665144.62605506 515181957.6461055 2647.438888888889
3039.0089748355076 295.51260551415885 515181957.6461055 572875831.0762421 2955.543010752688
3656.9780773777775 295.57381267884176 572875831.0762421 683743036.9106364 3544.4694444444444
2507.434137457937 295.69143118704716 683743036.9106364 473036776.3406191 2506.1586021505377
1790.8619454507857 295.4678938853603 473036776.3406191 346250476.8195312 1776.6935483870968
1302.691024461045 295.3333868839588 346250476.8195312 260510567.32239825 1290.225
755.4018098264153 295.2424258087443 260510567.32239825 162789494.28736314 756.252688172043
630.6997641784394 295.13875397229725 162789494.28736314 144080806.6888059 623.925
761.5754701113832 295.11890601176407 144080806.6888059 172113850.52829602 760.5698924731183
1396.834877419355 295.14864613890126 172113850.52829602 286211082.0475665 1356.4569892473119
865.7756761904762 295.26969136648376 286211082.0475665 188215141.69170165 899.639880952381
3388.8423549038266 295.16572792456157 188215141.69170165 642151585.0257772 3189.2956989247314
3787.4433399102577 295.64730700724147 642151585.0257772 710323692.0535913 3707.7472222222223
4740.933706018303 295.71963048170335 710323692.0535913 881742293.1465393 4613.967741935484
3736.3864107111112 295.9014876863426 881742293.1465393 698095415.4560591 3737.366666666667
2183.454664976958 295.7066575593635 698095415.4560591 414189067.7936038 2209.75
1589.462064516129 295.4054626223145 414189067.7936038 309732597.56349176 1567.0887096774193
1290.8438022388227 295.2946452339948 309732597.56349176 258331266.28609324 1265.1416666666667
747.1303044500712 295.24011379830904 258331266.28609324 161331381.27038318 747.7150537634409
503.29808444444444 295.13720706691106 161331381.27038318 121005454.23153709 504.88055555555553
934.8615769373389 295.0944254765877 121005454.23153709 203657809.2077894 913.4784946236559
1729.6538139784948 295.1821109794269 203657809.2077894 346615400.1449367 1678.508064516129
2541.384781657237 295.3337740294345 346615400.1449367 492471282.3276768 2474.342261904762
3071.8773011403855 295.48851186327994 492471282.3276768 584568542.4149759 3007.4811827956987
1517.293318888889 295.5862174224644 584568542.4149759 298291071.31391025 1575.4888888888888
1536.8726172043012 295.28250697147666 298291071.31391025 300110690.1863771 1475.1962365591398
1442.5199733333334 295.28443739676044 300110690.1863771 281765158.6237228 1381.3805555555555
1170.8903129032258 295.2649747067937 281765158.6237228 230536647.38097832 1111.2069892473119
843.8164612903226 295.210626615087 230536647.38097832 174311733.83760315 803.9166666666666
589.2276122222222 295.1509778631844 174311733.83760315 130996853.18150066 560.7361111111111
371.6332967741936 295.1050253057304 130996853.18150066 93214517.97614096 350.255376344086
400.5858752895506 295.06494220027173 93214517.97614096 102294812.29004654 383.125
614.3819217242865 295.0745754427011 102294812.29004654 145350153.6559343 607.752688172043
