1.332552064494502
2.291104470598812
1.1160601320664405
1.5130342741483904
1.1094876034395238
1.5552334328254958
1.1600986748559148
5.197011945225345
8.550963009967912
10.361856439985221
11.199436585903271
8.156824215097568
3.6074362274884972
2.9236942353661224
2.324703225937416
2.2122023530868233
1.8054776205601666
3.5823633323678603
5.891483365588908
8.165168218718163
10.077081275402726
11.26992409558145
12.32954208591067
11.609927956872893
7.745062104183705
2.457740307536417
1.1095431075221036
1.5556660776522797
1.1400058714918018
1.5654192545759607
4.400796088724682
7.48081510698081
9.651994358559675
11.134850081648512
12.130483148877975
11.67907404308458
5.730710286929771
2.4484853994868256
1.1001877616809956
1.5176422316757368
1.0873231092394509
1.5123872046096292
1.1025810470654775
4.675119290825908
7.76021335601498
9.98101894719558
11.338335214063953
4.61377666478432
1.1522578803129466
2.4153117879604746
1.1329605186840048
1.5435105355492365
1.1986835754994498
6.529531880018927
8.232653586372935
9.882539779617556
10.54616415851769
12.38214021695654
13.046219441255152
12.761143651078477
7.419451365347752
5.560232503039231
4.749223390005048
1.585737148073001
1.419219674247401
1.6986612488015602
4.484233556033047
7.553675019820537
9.622666545638218
11.447540977835496
12.338277447023135
11.275204044920388
8.033458790401962
8.940684054573422
8.079919851690988
3.437998915180982
7.844748677885893
8.66367535172942
9.98830173941593
11.289545937979863
11.96798939430093
13.250563747448032
13.521595928153994
6.2323724688148605
1.1596923655067535
2.412142110828352
1.1219623233178755
1.5283395588376134
1.0657709216569788
1.5500058491381008
1.1183859510510956
5.177925266760658
8.51858970526307
10.426359574847396
11.906555546492232
9.916856870938314
4.777767007906421
2.4447372623933816
1.1292578335661858
1.5472568872243624
1.7544622025083605
5.385521223262934
8.429259115128222
10.383202215627435
11.632960257542472
13.03057308345887
13.57659123159301
13.283261161133616
11.94609486307014
8.979045943449151
4.681844475166841
7.483209901181396
7.296865926036035
8.326298728314452
10.339036295024993
11.792086421080738
12.871575365988914
13.580529087986942
13.853805467201935
13.113847153951085
10.746138627473691
4.449124274191432
1.1459374200753505
4.01234230539408
5.894786582167971
8.068373285056008
9.963984604663693
11.685970804141256
12.776861225993631
13.64443409895706
14.013490793458871
13.043557871012561
8.093090138604031
2.4588759281134553
2.2300416784950308
3.9814623837331062
5.365530034283191
5.841294375568298
8.0828240519469
10.205733642228292
11.748730008558606
12.73422466183912
13.347941349992073
8.568516741586205
1.1715831054028847
2.4122422000086345
1.1285341435189533
1.5356149572275068
1.119010703510778
1.5295249463432352
2.2686858618973
6.1807378462987295
8.947579538837003
10.71775915101949
12.180355435582433
11.749879065041954
5.014929169348687
2.4451901459959906
1.1251789867799715
1.5351577381767285
1.104977138362143
1.5305493157654997
1.1099608187540788
5.327606877124811
8.408221116722782
10.415771191175065
11.814633281413712
11.905024109030544
10.888409702201702
7.397731506178179
3.40477949092085
3.1806712694475046
1.1460212251138433
1.5608104621696004
4.002259611966522
7.243442747321649
9.631604940413705
11.421697166076257
12.476154634810786
10.024813119983126
4.3753418643482025
2.4428640225804212
1.123550141212002
1.5248360931270017
1.0870161917659846
1.4962195067925794
1.089105143502195
3.4389936613886736
6.883435993809785
9.550083600183944
11.316409079819584
11.315539868430289
7.089974335444661
2.4548228220225123
4.63685712704115
1.588701352913846
3.0379046184488967
2.369237072714215
3.7744334481481694
6.3775644279284
8.718781405528517
11.088878157052097
11.63092463443242
11.0024860366917
7.314144432437626
5.110128946969988
1.1510888443572647
1.5632635145905063
1.1272248073122206
1.549880788127643
1.1013852924127665
3.991010218725597
7.123827102780202
10.034794353329394
10.937914043670144
10.015339627853542
6.503150826873816
9.701192808986775
1.1773470772297205
1.5396037522009944
1.0973106196733688
1.5040605473325126
1.3970320178856817
5.236456622258423
7.27016089044195
10.085256602173757
11.616629906489996
9.11618018578173
4.602155692414822
2.4442090279320077
1.1307062327743083
5.4694677053600795
5.790958328587523
6.607238994649042
7.9398068583799555
9.7553247903132
11.297727225787948
12.43228904134611
12.31245478945003
10.917113096500215
