1.0704296694962794
0.11784309789081193
0.190611620069433
0.16794840084538798
0.19022233042351155
0.09112784387810458
0.31387527195060994
0.38009447420597176
0.4380031517532085
0.4646210677862261
0.4102839604953966
0.33777975908892
0.29137784770381286
0.0301839629824604
0.1403726665256031
0.04952393054158233
0.27316182572975756
0.40106713757201684
0.43242599189137554
0.4543479221856023
0.48974651571815525
0.5109489104038151
0.5193215428337942
0.4654077374162404
0.3184855528501188
0.024838126295126384
0.19244960808790024
0.1683838758896412
0.12933002649633957
0.3765698826812607
0.4274881065689381
0.4595685506225061
0.4928668704392125
0.515064284744831
0.5078600409991428
0.45974083225973783
0.3034979152113788
0.11780774336212085
0.13431513675707818
0.12000631938749506
0.09604387445606144
0.3490458835439494
0.4155062591354882
0.45247826794223733
0.4944051797830404
0.5174707592707064
0.5193215653646447
0.483116887016639
0.29336437287501643
0.012893685707386915
0.11283019667362748
0.10144755528344607
0.29308803150150253
0.41104886546687036
0.46678492737411315
0.49410813469193055
0.5192331034040975
0.5178280142191083
0.5206010824910278
0.5205498408804329
0.27617840383949355
0.05479610606366625
0.11121748406683651
0.02783519831659531
0.26228360758514524
0.4125591849641834
0.45822192360772895
0.48623401200498595
0.5108424980312073
0.5177086146911404
0.5198354145225144
0.4861694078346773
0.4165763487915275
0.3810592902730106
0.4098684107042557
0.3623388509139516
0.44651652859491864
0.5009748822500593
0.5176200823273832
0.5178851838345874
0.5203100067676624
0.5203870690627708
0.5243222651585521
0.5245633369422791
0.451973803102474
0.11767455163717777
0.19190833870777535
0.16843436582194493
0.10135907867041472
0.30118207252473267
0.4067496337300894
0.4538957629327851
0.49518226170000246
0.5177222705720489
0.5195092651356797
0.4828860642405708
0.05942093554070427
0.11745693031931359
0.19094732034067985
0.13826169045895886
0.3833472574531577
0.4604849898296832
0.4817956507734298
0.5005160080146145
0.5192024571683999
0.5181148078664214
0.521094584938112
0.5209831733852435
0.5164255449495256
0.3072461889262245
0.16831263612751335
0.23702213265995697
0.4212462291744863
0.498098692642193
0.5177240715748148
0.5178920570041031
0.5202051884221514
0.5203224009171497
0.5243377282163872
0.5252779941386425
0.4984280918602091
0.22165521310094594
0.07074827751870305
0.03364377633443727
0.23603553996833115
0.42010966921260107
0.47263103272483736
0.5030709621573353
0.5193224383148016
0.518417857607068
0.5219824703087417
0.5225639083739398
0.3172853004074036
0.02416857433092834
0.018472208031091286
0.03171407988218522
0.36698779698280487
0.4804877909168959
0.5078472745921843
0.5177154567083976
0.5198169661580414
0.5197221847952813
0.5235000611367403
0.5243299915686322
0.2787495475291471
0.01745244229495435
0.19080844377718376
0.1607125151826545
0.10936076448702448
0.3908413359950058
0.44276489872056923
0.47673668151495385
0.5141728017055699
0.5177120421780383
0.5204952138247521
0.5081150533600989
0.05803771501381183
0.0927597218467816
0.19026358935747079
0.1680910537650392
0.02047717467889243
0.310852016489705
0.4026105296973041
0.4432792038614882
0.4834844675553606
0.5154963286361676
0.5193079378712573
0.48631532784781695
0.406216265641605
0.2690479664125179
0.19136990028879142
0.03470269993198505
0.2782197506512854
0.4269620971725939
0.47040711498038346
0.49559913345291595
0.5193225186291763
0.5178991419084696
0.521235869974718
0.4862852355132996
0.06303991463377678
0.1177391537725837
0.19008413917738953
0.16828472707078268
0.19315126485366307
0.23009233982442184
0.35474642967186276
0.4098299906032591
0.4633107414239981
0.5036015283497355
0.48582445892127446
0.43552537164931593
0.2872933070049455
0.04360065232468169
0.023111694980916142
0.1782009866107595
0.3360719078295661
0.43278461332746554
0.4627935403089226
0.48890844823634966
0.5166877894988132
0.5177119815219905
0.5203693253295378
0.5191242869431214
0.3048077621778187
0.22522112697471935
0.07459391684073124
0.1676440897446706
0.05963493171336709
0.350021049400268
0.4294630888102162
0.4668251581661661
0.5024380488876418
0.517718825509863
0.5200102387839283
0.5124957700265937
0.2862780817501189
0.19334107319610633
0.15859856823594054
0.0665171303753539
0.14916676569551696
0.37383866001526334
0.440494567627536
0.4744138095925336
0.5106423188295424
0.5177230082361535
0.5200134579540702
0.5132876585284187
0.2954240758313069
0.18521774655787004
0.17557644314263188
0.2776234692446806
0.41922000433918516
0.48760955270870404
0.5074627259622964
0.5176881771654207
0.5196241258432864
0.5193683976016978
0.5226886800223147
0.5229476306341705
