468.56451609000004 477.2554680664917 123874000000.0 122267648100.74118 1132.3548387096773
661.65 476.90113849813736 122267648100.74118 121722212424.00906 963.2142857142857
955.15483866 476.7781263924242 121722212424.00906 121714442424.24525 919.5483870967741
1665.9866663 476.7763740244125 121714442424.24525 122949428669.39415 1022.9
2706.1419352 477.05324336600927 122949428669.39415 125997180397.27106 1367.9032258064517
1583.67 477.7198557299368 125997180397.27106 125560657628.7814 1563.2333333333333
731.32258067 477.62437830900734 125560657628.7814 123388833153.76639 1352.1290322580646
453.62580648 477.14935108350096 123388833153.76639 121302541889.80795 1014.258064516129
342.39333337 476.6834780987388 121302541889.80795 119626228596.3154 710.7
306.58064514 476.3054191692186 119626228596.3154 118377403216.59575 474.06451612903226
427.20333337 476.0237715869634 118377403216.59575 118061595354.56122 350.26666666666665
648.4677419 475.95256883556385 118061595354.56122 118849679928.98004 392.0967741935484
826.24193553 476.1302841517772 118849679928.98004 119800834543.74924 533.9677419354839
990.3142857299999 476.3447980477558 119800834543.74924 120721685832.7266 685.1071428571429
1365.1709675999998 476.55247763480526 120721685832.7266 121964265811.03731 862.8064516129032
2153.7633336999997 476.83271669170887 121964265811.03731 124154903387.81763 1141.3666666666666
1848.0354837999998 477.3169080025848 124154903387.81763 124900130530.82791 1369.4516129032259
1198.78 477.47990606536047 124900130530.82791 124012660465.452 1353.5333333333333
614.82903229 477.2857962522861 124012660465.452 122124482070.05609 1131.032258064516
449.22580648 476.86885026388273 122124482070.05609 120478943055.90605 846.4516129032259
343.41999999999996 476.49773185744385 120478943055.90605 119091279974.901 601.3333333333334
280.25161285 476.18477220904396 119091279974.901 117976134906.39635 398.5483870967742
262.38666663000004 475.93330363083777 117976134906.39635 117449545401.93553 267.3
387.09354837999996 475.8145954467844 117449545401.93553 117883608202.09637 262.741935483871
507.59677418999996 475.9124454919063 117883608202.09637 118480813487.0626 347.0967741935484
774.675 476.0470937047953 118480813487.0626 119398180254.6129 470.39285714285717
1224.7258067 476.2539874277431 119398180254.6129 120804383147.93707 661.516129032258
1841.29 476.57112835993166 120804383147.93707 122727649644.40317 933.1333333333333
2344.2064514000003 477.00473526780473 122727649644.40317 125058189071.86389 1274.3225806451612
1570.3966663 477.514477049839 125058189071.86389 124911657957.88528 1438.8
756.0903225699999 477.48242737486555 124911657957.88528 123019875375.6061 1272.8064516129032
461.57419352 477.0686516569567 123019875375.6061 121081967716.38135 967.1290322580645
349.36 476.6337320064008 121081967716.38135 119497105611.90488 682.6333333333333
276.34838715 476.27629806312694 119497105611.90488 118228367101.74437 451.48387096774195
290.91333337000003 475.9901639093202 118228367101.74437 117674767375.40799 306.0
434.71290324 475.8653668564941 117674767375.40799 118132992398.87613 301.38709677419354
637.39677419 475.9686637508738 118132992398.87613 118925492016.79903 404.0967741935484
1032.23214281 476.147382051601 118925492016.79903 120216327446.09492 573.8214285714286
2829.0580648 476.43850416014766 120216327446.09492 124841464191.23578 1063.5483870967741
3417.81 477.4670744075319 124841464191.23578 128226977177.65053 1941.4
3818.2419351999997 478.2048299541659 128226977177.65053 128892074398.15724 3365.548387096774
2575.3199999999997 478.34838644467027 128892074398.15724 127861745125.3657 2781.8
1293.1032257000002 478.12599722110207 127861745125.3657 126011713682.16815 1791.5483870967741
620.22258067 477.72303448866325 126011713682.16815 123371954237.59254 1384.967741935484
418.55 477.14565928206315 123371954237.59254 121137503283.14096 999.6333333333333
322.3 476.64625694252163 121137503283.14096 119382560778.68303 676.8064516129032
291.24333336999996 476.25046476740704 119382560778.68303 118428706081.1048 459.76666666666665
292.20967743 476.0353419217647 118428706081.1048 118308325267.77737 375.0
513.4516128500001 476.00819243747793 118308325267.77737 118768160844.76808 404.35483870967744
813.6857142700001 476.11189915308256 118768160844.76808 119670265181.52548 515.8214285714286
942.59354838 476.3153507400824 119670265181.52548 120363538869.6645 645.5806451612904
1089.84333337 476.47170475184134 120363538869.6645 120842371846.16286 739.9666666666667
1115.3645162 476.57969595087116 120842371846.16286 121150769139.73604 803.3870967741935
1096.40666663 476.6492487910997 121150769139.73604 121330072568.98355 842.5666666666667
589.67096771 476.6896870926891 121330072568.98355 120339392839.70372 772.9032258064516
401.67741933 476.4662590978132 120339392839.70372 119227043608.4618 601.516129032258
293.07666663000003 476.21539098070855 119227043608.4618 118168420803.16658 425.6
248.67096770999999 475.97665031631345 118168420803.16658 117314541250.19339 270.64516129032256
231.76999999999998 475.7841616885017 117314541250.19339 116952495457.76558 173.8
313.14516134 475.70254631599767 116952495457.76558 117401125673.67294 183.25806451612902
527.89354838 475.8036802690877 117401125673.67294 118213506046.67422 286.93548387096774
872.45714281 475.9868138067345 118213506046.67422 119414919687.22203 450.7142857142857
1982.5193553 476.2577626719039 119414919687.22203 122469569286.93874 803.6774193548387
2232.3033337 476.9466777823497 122469569286.93874 124656038626.85513 1221.1
1885.1870972000002 477.42651763492023 124656038626.85513 125308561203.68475 1440.774193548387
1159.0333337 477.5692391084175 125308561203.68475 124197884033.54155 1399.6333333333334
517.3548386599999 477.3263088437318 124197884033.54155 122031856361.39299 1137.258064516129
366.8677419 476.8479603882257 122031856361.39299 120239847165.81564 818.9677419354839
280.83000000000004 476.4438085624302 120239847165.81564 118802480424.15146 558.3
219.46774190000002 476.11963924766604 118802480424.15146 117658075424.75493 349.16129032258067
268.43666663 475.86160401820445 117658075424.75493 117254900599.9891 226.0
445.07419352 475.7707169972924 117254900599.9891 117884558421.6804 247.67741935483872
620.75483866 475.9126596983049 117884558421.6804 118728626518.02226 368.1290322580645
767.28928573 476.10298297654987 118728626518.02226 119550380230.66165 502.60714285714283
947.56129028 476.28831308765484 119550380230.66165 120297270600.77596 630.5483870967741
1034.55 476.4567592694578 120297270600.77596 120681939750.75922 721.1
985.8838709500001 476.5435137011184 120681939750.75922 120765163386.59908 758.258064516129
680.42333337 476.562283127334 120765163386.59908 120194477484.81247 716.6666666666666
428.71612905 476.4335763384782 120194477484.81247 119257920557.95663 592.8064516129032
323.08064514 476.2223546589888 119257920557.95663 118359935901.56154 443.96774193548384
245.99666663 476.0198321834825 118359935901.56154 117503184697.45247 301.73333333333335
182.38709676 475.826687262726 117503184697.45247 116742522449.1085 170.51612903225808
208.45 475.65521245471336 116742522449.1085 116529413188.5479 93.53333333333333
283.94193553 475.60717159345086 116529413188.5479 117063871712.05963 121.93548387096774
442.87419352 475.7276536772001 117063871712.05963 117809779342.80798 226.61290322580646
698.30357146 475.89580237664745 117809779342.80798 118792347249.29768 366.82142857142856
1155.1419352 476.117353912787 118792347249.29768 120261743780.62303 568.4516129032259
2366.3566663 476.448746905869 120261743780.62303 123490486353.67815 954.4333333333333
3248.9032257 477.1715849417494 123490486353.67815 127524370754.84834 1541.4516129032259
1790.5066662999998 478.05317736992197 127524370754.84834 126954543296.13585 1820.2
763.89677419 477.92925268944356 126954543296.13585 124369039076.45946 1538.0645161290322
406.64516134 477.36374432993426 124369039076.45946 121834699031.9026 1133.741935483871
280.90333337 476.8034954965951 121834699031.9026 119842456942.71014 770.5666666666667
215.84838715 476.35418514720567 119842456942.71014 118318601076.67259 485.9032258064516
206.87333337 476.01050994061177 118318601076.67259 117555082221.4238 302.96666666666664
338.94193553 475.83838643404505 117555082221.4238 117846368294.19734 267.9032258064516
513.38064514 475.9040505622627 117846368294.19734 118469412255.0984 343.2258064516129
870.33571427 476.04452238500187 118469412255.0984 119582948359.61823 485.0
1427.8 476.2956581776315 119582948359.61823 121366975357.39523 723.4516129032259
1930.4266662999999 476.6980097783931 121366975357.39523 123285394084.7596 1023.6666666666666
1223.6612905 477.1267266152143 123285394084.7596 122963180289.65553 1145.0
523.56333337 477.05625115696756 122963180289.65553 121296061626.32498 981.2666666666667
351.29032257 476.6820166049447 121296061626.32498 119797617067.20119 724.3870967741935
285.14838714999996 476.3440724102844 119797617067.20119 118624222170.07623 508.4193548387097
217.21333337 476.07943666442856 118624222170.07623 117614329567.42642 331.76666666666665
163.72258067 475.85174246335134 117614329567.42642 116773148526.40753 181.80645161290323
163.42333337000002 475.6621164396771 116773148526.40753 116454109423.81181 89.4
226.35161284999998 475.5901959927439 116454109423.81181 116889546999.35677 101.29032258064517
351.11290324 475.68835595116246 116889546999.35677 117496947536.15833 186.48387096774192
487.26071427 475.8252812299726 117496947536.15833 118156860936.57784 288.9642857142857
731.53548391 475.9740443950807 118156860936.57784 118927222643.51912 406.03225806451616
1315.1966663 476.1477723598374 118927222643.51912 120383960823.2138 588.8333333333334
1179.8387095 476.4763105149332 120383960823.2138 120996324696.34581 754.6774193548387
491.84666663 476.6144169364785 120996324696.34581 119944669346.23695 713.6666666666666
309.6322581 476.37723711011205 119944669346.23695 118837256422.03322 537.8387096774194
241.85806447 476.1274822783115 118837256422.03322 117912241386.17412 373.3225806451613
177.28333337 475.91890022231155 117912241386.17412 117065139854.25021 229.93333333333334
127.03225809999999 475.7279395523558 117065139854.25021 116340351091.51524 102.41935483870968
132.14666663 475.56455164371397 116340351091.51524 116105277273.79823 26.133333333333333
235.11612905 475.5115593493684 116105277273.79823 116683708546.98036 56.61290322580645
374.49677419 475.64195413592887 116683708546.98036 117415047258.7882 163.5483870967742
512.6 475.8068185885456 117415047258.7882 118152292137.3442 282.32142857142856
662.51935486 475.97301445837337 118152292137.3442 118773441303.47084 392.741935483871
862.1066666300001 476.11309005490995 118773441303.47084 119320498837.06264 487.23333333333335
957.85161285 476.2364679379933 119320498837.06264 119827932455.7698 573.0
526.09333337 476.35090943973154 119827932455.7698 119254813366.25659 564.1666666666666
325.63548391 476.22165389405876 119254813366.25659 118428314056.89072 449.48387096774195
250.72903229000002 476.03525350854545 118428314056.89072 117668338099.00568 320.93548387096774
183.18666663000002 475.86391751555584 117668338099.00568 116918819668.90529 198.46666666666667
129.8 475.6949548396991 116918819668.90529 116252470369.24902 83.54838709677419
130.45999999999998 475.54474084067834 116252470369.24902 116043723504.44908 14.366666666666667
218.72258067 475.4980076417022 116043723504.44908 116607931290.81906 45.516129032258064
404.33870972 475.6248717968483 116607931290.81906 117431443188.2822 158.96774193548387
733.26785719 475.81051469528455 117431443188.2822 118608062179.53004 321.4642857142857
957.14193553 476.07579210183354 118608062179.53004 119710629991.87663 507.48387096774195
1357.0700000000002 476.32445421557884 119710629991.87663 120984165719.5149 700.8
1600.1806447000001 476.61167472248866 120984165719.5149 122299501372.82724 911.5806451612904
1192.9866663 476.90832236644724 122299501372.82724 122285228620.16867 1012.8333333333334
510.36451609000005 476.90510343260456 122285228620.16867 120781072320.90277 884.6451612903226
318.75161285 476.56587106921575 120781072320.90277 119330044917.21628 644.741935483871
229.82666662999998 476.23862086540737 119330044917.21628 118101202809.49315 428.0
184.30322581000001 475.9614974773429 118101202809.49315 117130835231.89322 249.96774193548387
175.52333337000002 475.742749150562 117130835231.89322 116713425719.61383 139.13333333333333
262.50967743 475.6486532280464 116713425719.61383 117136114639.1559 142.25806451612902
571.4677419 475.74393927843914 117136114639.1559 118137720978.87798 259.80645161290323
939.83214281 475.96972970669026 118137720978.87798 119499542661.56328 451.7857142857143
2326.1806447 476.27684769092536 119499542661.56328 123275260469.73846 878.0322580645161
3502.29 477.12451016398484 123275260469.73846 127812144460.60442 1582.6
3123.6806447 478.11529127144496 127812144460.60442 128272065665.67159 2748.1290322580644
1871.0633337 478.21456198266173 128272065665.67159 127210061853.69308 2090.3333333333335
804.02903229 477.9851403879469 127210061853.69308 124623934756.36812 1578.1935483870968
483.89354837999997 477.41949579098167 124623934756.36812 122168970584.32115 1181.032258064516
334.58333337 476.87888375830426 122168970584.32115 120174398612.43883 824.6666666666666
234.19354838 476.42904795048236 120174398612.43883 118571718268.76317 533.2258064516129
199.61333337 476.0675954598022 118571718268.76317 117705036746.14073 335.3
323.29354837999995 475.8721904296981 117705036746.14073 117909019062.37436 284.8709677419355
592.3677418999999 475.91817381929087 117909019062.37436 118682574045.6166 366.06451612903226
936.29642854 476.09259676265594 118682574045.6166 119859318904.1891 524.9285714285714
2041.2096771 476.357988025302 119859318904.1891 122884572984.4274 873.258064516129
2903.7066663 477.03905795809874 122884572984.4274 126365785061.9188 1392.1
3331.7580648000003 477.8004779225544 126365785061.9188 128367905307.54102 2380.8387096774195
2020.1133336999999 478.2352482856769 128367905307.54102 127357325139.26031 2219.4333333333334
818.15161285 478.01712176543504 127357325139.26031 124746922248.59712 1601.258064516129
465.01612905 477.4463959423878 124746922248.59712 122207644637.90227 1193.5483870967741
311.19 476.887605917434 122207644637.90227 120149736863.21379 825.7
223.8322581 476.42348598629087 120149736863.21379 118533261565.49507 528.0645161290323
216.99333337000002 476.0589223196876 118533261565.49507 117716587147.36601 333.4
302.85483866 475.87479421717 117716587147.36601 117872040005.09904 282.5483870967742
506.17741933 475.9098376927635 117872040005.09904 118470358868.36983 345.258064516129
694.76785719 476.0447358746887 118470358868.36983 119230270432.63222 455.5357142857143
1069.16451609 476.2161187263491 119230270432.63222 120356150320.62971 610.6774193548387
2916.7966663 476.4700384124108 120356150320.62971 124726505008.05675 1063.8666666666666
2681.9419352 477.4419302292338 124726505008.05675 127103075936.10239 1592.9032258064517
1673.1733337 477.96174014350447 127103075936.10239 126483509439.32722 1722.4333333333334
708.25806447 477.8262269114889 126483509439.32722 123939828490.96454 1467.225806451613
407.78064514 477.2698662491174 123939828490.96454 121558764418.63002 1078.032258064516
288.01666663 476.74126396450833 121558764418.63002 119677616734.83072 735.1333333333333
189.44838715 476.3170087358662 119677616734.83072 118155014762.2487 459.2903225806452
159.60999999999999 475.9736282151147 118155014762.2487 117348027883.00528 272.6666666666667
303.74193553 475.79171052367116 117348027883.00528 117635903032.04865 233.93548387096774
623.62903229 475.85660573310383 117635903032.04865 118574413484.77032 335.6774193548387
1008.62142854 476.06820331185617 118574413484.77032 119932247276.87 522.3928571428571
2540.077419 476.37443556086373 119932247276.87 124023687602.9487 973.9354838709677
3361.38 477.2882081371279 124023687602.9487 127919965619.68875 1688.4666666666667
3620.3838715 478.13856369947956 127919965619.68875 128707056798.83305 3122.3548387096776
2325.73 478.30845171569894 128707056798.83305 127637678002.88097 2547.4666666666667
1113.9806447 478.07763393112043 127637678002.88097 125538574348.87999 1705.7096774193549
559.9 477.6195481952931 125538574348.87999 122931143060.3965 1313.0645161290322
387.34666663 477.04924388897564 122931143060.3965 120783338481.33481 935.5666666666667
263.96451609 476.56638215636775 120783338481.33481 119027850313.61276 619.2258064516129
269.39 476.17046691781974 119027850313.61276 118150823056.23875 408.6
465.54838715 475.97268328589695 118150823056.23875 118507743371.99385 370.1290322580645
615.82258067 476.0531672016224 118507743371.99385 119120361992.27994 449.7741935483871
784.49642854 476.1913310762923 119120361992.27994 119848764989.31969 558.5357142857143
1168.5548391 476.3556078009291 119848764989.31969 120972339702.6975 710.8064516129032
1875.6466663 476.60900760096916 120972339702.6975 122910140810.58276 961.7333333333333
2131.4806447 477.0446502210374 122910140810.58276 124710641761.38924 1259.5806451612902
1804.99 477.4384605777317 124710641761.38924 125183472408.67198 1434.4666666666667
899.0903225699999 477.5418793544777 125183472408.67198 123510882463.26709 1333.6129032258063
476.69032257000003 477.1760460330856 123510882463.26709 121431908680.70699 1034.4516129032259
327.21333337000004 476.7126541905067 121431908680.70699 119678159530.61404 725.2666666666667
249.66451609 476.31713115259674 119678159530.61404 118286659629.5897 470.4516129032258
222.75 476.00330618619523 118286659629.5897 117567945426.51747 301.56666666666666
310.16451609 475.84128616467933 117567945426.51747 117791646299.43819 264.35483870967744
549.04193553 475.8917146752566 117791646299.43819 118512102780.14674 342.51612903225805
910.83928573 476.05415037892345 118512102780.14674 119693371948.81198 497.5357142857143
1424.4290324 476.3205620092043 119693371948.81198 121430567842.06389 737.5483870967741
2434.3 476.7123517911736 121430567842.06389 124402727470.74309 1120.5
3770.0193553 477.37111274513194 124402727470.74309 128498977604.61902 2038.0967741935483
2444.1266663 478.263539305983 128498977604.61902 127729305926.7951 2550.233333333333
1210.3548391 478.09741116485975 127729305926.7951 125785729011.71725 1743.8709677419354
575.33548391 477.6736065204981 125785729011.71725 123126042046.52222 1347.774193548387
372.71666662999996 477.0918727135876 123126042046.52222 120879736013.88069 958.7333333333333
254.13548391 476.588122691448 120879736013.88069 119068265825.5104 630.1935483870968
229.42333337000002 476.1795818280357 119068265825.5104 118092253737.77773 406.8333333333333
326.73548390999997 475.9594801031961 118092253737.77773 118166520033.72632 336.80645161290323
611.35161285 475.97622182906366 118166520033.72632 118890208648.24548 403.741935483871
986.7 476.1394245936503 118890208648.24548 120100974156.28879 561.3571428571429
2294.8129028000003 476.41248853321804 120100974156.28879 123595532070.7258 951.5483870967741
4455.55 477.19456082036874 123595532070.7258 129013178623.90799 2195.133333333333
3887.1516134000003 478.37452592788867 129013178623.90799 128987107932.57048 3692.2258064516127
2461.6166663 478.3688987551415 128987107932.57048 127768504843.39896 2740.766666666667
1196.2322580999999 478.10587197137903 127768504843.39896 125771189605.79178 1749.8064516129032
577.03870972 477.6704264229641 125771189605.79178 123120499190.9603 1346.1290322580646
379.46333337000004 477.0906603654769 123120499190.9603 120890373659.43948 959.2333333333333
266.80322581 476.5905217996029 120890373659.43948 119102886640.26501 633.8709677419355
237.89333337 476.1873898602311 119102886640.26501 118132916158.00565 412.93333333333334
367.29354837999995 475.9686465640229 118132916158.00565 118281295062.8073 349.7096774193548
550.31935486 476.00209631547295 118281295062.8073 118831081795.11728 407.64516129032256
850.14285719 476.126089714731 118831081795.11728 119786217129.43698 530.3928571428571
1253.4677419000002 476.34150138237186 119786217129.43698 121117326549.19685 718.2258064516129
1516.1299999999999 476.6417064838062 121117326549.19685 122240598663.8648 916.7
1522.1870972000002 476.8950380387606 122240598663.8648 122938250859.30725 1063.258064516129
1248.4633337 477.0507985256578 122938250859.30725 122821836279.61078 1107.1666666666667
617.77419352 477.02533601916247 122821836279.61078 121361055384.65833 975.3225806451613
410.15806447 476.69667464696846 121361055384.65833 119902740824.12672 738.2258064516129
303.93 476.36778097070965 119902740824.12672 118631851140.07306 517.5333333333333
196.04838715 476.0811572259975 118631851140.07306 117497380182.97896 322.2903225806452
181.53666663 475.8253787608158 117497380182.97896 116965303953.30261 189.06666666666666
338.30322581 475.7054337135488 116965303953.30261 117464317321.79381 189.61290322580646
