2.524418855017726
1.9771253753516935
0.006733160005941485
1.728426925747418
1.6464518365051992
0.7154220437124215
1.0267390109097718
0.6347852615409497
1.4893553477054178
2.6901252018035002
2.358063938553782
2.68869035286847
1.690410850279288
0.23021835859140616
1.0368002510211305
1.1336901845756713
0.683643227455133
1.0395395278353714
1.7682579854735638
1.8642732014719934
2.8941277104454186
2.6229987570560453
3.1992792881202354
2.735457949226147
2.402430284761393
2.6496603686655553
1.169249714140972
0.6066611387377128
0.846675985151986
0.8850212694457134
0.5848014972189843
1.8337767610823952
2.379669499407588
2.8769758176625873
2.98897698330136
2.9529570150317546
3.0386926635905467
1.91500064810003
1.6968346543261832
1.6975791649601035
1.29410681717399
0.29569651293862576
1.3656872080333415
1.4891393708694634
2.137052721560353
2.933343600748206
2.805323092446987
3.0732883303214855
2.7272895402974537
2.5552637639507623
2.31437889532107
0.09117575955115775
1.1379454765463555
1.7694387671642493
1.6928554898374915
2.0175776664968663
2.5621087757112537
3.1071633589802508
3.086980677979658
3.2508691068037217
2.638491660713717
1.9807047828080355
0.8454186724097315
0.1453417092883753
1.1327299228046392
1.352993128258844
1.6514021149197955
2.89388773788981
2.3419935299452193
3.0514895816331062
3.167940509468936
2.8282331111345194
2.5941024177622984
2.9298804498181843
2.4687141803051724
1.8932766774897003
2.8263431052108996
1.5018031862516434
3.0759910361043463
2.81972321757336
2.942105183940352
3.1770745815623584
3.044023832054379
3.2333431790764275
2.9053007756670195
1.8202306452733261
0.5855745119077893
0.8529265551873966
1.4084463376842535
0.6275944059170078
0.19113003377633175
0.8718040992490117
2.8270616741796024
2.9825251829390904
2.9306113761826853
3.163131502586303
2.69996841282968
1.394900968324325
1.0185630274186308
1.3219449925776754
0.8284912991714082
1.1526939263790563
2.396356991659951
2.8298148107457384
2.6821694738615465
3.2161014068410934
2.970375145183228
3.122268749054178
2.8582986082660993
3.071703979885802
2.3222320161569057
2.0891713547101474
1.8108909929711725
0.7741411210135647
2.6149815752053502
3.198954778896298
3.2243476815373064
3.101938283525058
2.9609437222439654
3.227972170538156
2.8761183217114477
2.2433560181361383
2.6417876139775163
1.3687205969756278
1.452813651556364
0.2482124430966146
1.449067538772824
2.383271545336001
2.7238935120396204
3.0601844958510913
2.9562481615096714
3.1850537211026517
2.5512455250171597
1.6179493875562083
1.924955616583088
0.21864463521701216
1.5821396379369528
0.9528073109688711
1.9559396189210703
3.0365414632007064
2.987873970170177
2.9358557695918694
3.2358217656953565
3.021228655199392
2.571072924133823
2.0669693854566686
0.2687540641065813
1.0433833036441227
1.0961678666409922
1.3981696892465578
0.40124296590177666
1.8674306370218587
2.7406040052886684
2.7500922565124686
3.278302775355778
2.7269309015110674
2.486397057323402
1.441190570068874
0.5995100972098637
0.4286145861924595
0.5106315160427402
1.5652831991337015
1.1054508505232956
1.2012414520397723
2.3786828486556173
3.038559992345426
3.093209997799746
2.9952638670451233
2.7218361499624213
2.8766602732058444
0.718222315304605
0.0257186931849116
0.04325996435927548
1.443030864281642
1.025888154346747
2.9160221652708818
2.5238969098466444
3.235623528099146
2.9354853665698464
2.9463689996768743
1.804328262311463
0.4462575159134379
0.4558317714978264
1.166718335074906
0.03857956244651595
0.4713979781839508
0.8028799492061549
1.4048086006117362
2.4258527556530645
2.45571144516117
3.0299731591069854
2.764482871580012
2.520361799731864
1.7134439011640585
0.136856657573174
0.6981477806945584
0.7079501019683967
0.056798483846413284
1.486760667493094
2.7373739612509795
2.548938757949523
2.8544780011068736
3.166945041097178
3.0580475495070365
3.0929805557108607
2.494225254248365
0.026582274974975117
0.5450073590171698
0.392975075990448
1.1267580124569792
0.912152609215449
2.525910526317523
2.3145857314452636
3.097157085686805
3.07693604233771
3.0860557952245258
2.951586527484012
2.983611966062645
1.2281446869576884
0.5576584744075856
0.13991994037817168
0.5747232149095884
1.608206172714754
1.7143870402857773
2.46167198124164
3.125098756205782
2.8583057783829426
3.155666178598012
3.0353185770188738
2.1445581340863127
1.9165544963860246
1.3934683542034336
0.46918375136155266
0.9828035098010641
1.9977618991892159
3.168876984414419
3.2212975749430544
3.191206609306238
2.978420555781096
3.1197668532092764
