0.5553098501812537
0.010373402516394847
0.500371826922434
0.3596529907743147
0.5036246007398022
0.33663052628182744
0.5055080605806319
0.5021335900076025
0.09975901556121336
1.1686924055761962
1.8367359271185308
1.9010377017064575
0.7455202819758071
0.010247421066805984
0.5007537017449302
0.33069245715131146
0.5016550640035851
0.3315226274895622
0.5011215382353091
1.4475345025129167
2.170334634063083
2.655910617001782
3.314066461112222
3.273420390556079
2.722092785598879
0.2972403539616906
0.5003190926270253
0.3309331425452777
0.5017821809908654
0.33647725817233987
0.5020968353349726
1.05564608702786
2.101663099898311
2.7642633903857043
3.25635069984978
3.3725445810700476
2.4534107548723987
0.01050318649465698
0.5005445622411671
0.330657057458831
0.5029870466051998
0.3316427184610262
0.5016558366035131
0.5513883470544245
1.907684125375507
2.656004924565112
3.370663602471342
3.496822837541158
2.5956391074848075
0.5502186608803896
0.5002710351504618
0.3304819029941424
0.5014836714880158
0.3308202012974384
0.327428142244897
1.8158930374051825
2.9059708674154163
3.4669302552189825
3.8915320695076137
3.6622395281813036
2.2374603751989435
0.8120058952483515
0.500222493875647
0.33074998510720643
0.501743398478073
0.33145264816617104
0.5011762070917971
1.800706429511095
2.7105766185103723
3.2736163032439722
3.599998549724247
3.520516777650679
3.217455540459974
2.4678027929391013
1.4742374406528742
0.6399190896086511
1.5513096576174807
1.0152472451600651
2.5417315886438128
3.5303790542167626
3.901153889173871
3.9815545687972174
3.9098298013121937
3.715966230487747
2.699168225619396
0.2004132022452474
0.5003362211974496
0.33081941462986464
0.5045086814563255
0.3444416858394508
0.5061943071787516
0.24964774838003922
1.7599750397966414
2.6983589332737203
3.3622831451083686
3.5052615602093304
1.4161444122365947
0.010348877797196288
0.5004879325342628
0.3314196145651991
0.502126232095323
0.3317616288606411
1.2734702511826401
2.683368766799595
3.1859660585790204
3.595211289385702
3.8847849624176423
3.7139956936125946
3.41537779352484
2.6334390466241766
1.874373586772284
0.32984477327233463
0.5005218602566757
0.3305668903258443
2.112324581103791
3.4707825526286733
3.9064405934839255
3.988586797193229
3.9709246948792676
3.6824391557654623
2.9366271803691477
2.204603214294073
0.22202170327154125
0.3301110567699981
0.5009437707789486
0.33136221603803406
0.5011553534191373
2.0108258705333752
3.0567600129371004
3.6919704322451996
3.9451518360617657
3.6844635527465517
2.189869475705892
0.9544498675333299
0.5001978608088686
0.33056161261448924
0.5016539560603537
0.33101215866445877
1.124549001182571
3.1513444109037003
3.7219618634368716
3.9641665730256137
3.963498620771887
3.5250322570947192
1.9846283421299518
0.9934695480669729
0.5001904734937384
0.33086771570304574
0.5018008997771046
0.33186750896296147
0.5017389636059484
1.3810813129099153
2.466883517540502
3.1735180501074556
3.8093870321211662
3.4029482593688853
1.4087062072777088
0.3918540242239503
0.5002987458562069
0.33154281132944163
0.5024380297424953
0.33533136200569924
0.5042853081552758
0.13323260428192274
1.633054398599227
2.491591564876583
3.187870041970804
3.4780256809444516
3.1654715982551256
1.9032463320251387
0.5000238544279076
0.33059348336074557
0.5008042423613768
0.3334408871187762
0.5011415663741152
2.092413393816954
2.9747373218679054
3.5435009838794875
3.9047551513654506
3.2044779921973365
0.794459611648882
0.01025546176874137
0.5009531235851599
0.33509055661791987
0.5203223782718656
0.35622267010183695
0.5100818028673624
0.5018335221617098
0.7209872646559541
1.8660517529041472
2.645375589865317
3.0547644813552406
1.9981448203731058
0.010434537299395252
0.5003845362193786
0.33057146128074333
0.5013310243675964
0.3310279403020564
0.3871319679005323
2.157364353478217
2.818056796276732
3.367292433124263
3.7446965994609767
3.610140493899156
2.623607378285092
2.217236547474113
0.4999647146258015
0.330605751502846
0.5011292247504597
0.3315127034418719
0.5018609769922113
0.6452353196439935
2.1821967955376063
2.9619659261422018
3.5289321284052715
3.561132002948524
2.558008014397314
1.943023690869349
0.5000162715300416
0.33071982986112936
0.5011119000594242
0.3316666468262017
0.5014803573007045
1.0844433143665464
2.4110499697515957
3.0905324789713786
3.697824391704617
3.533291368744714
2.6039683038371932
1.9100601300826088
0.500020697427729
0.33042520735556735
0.5008397955163826
0.3305480682710602
2.0133523423428183
3.255751751108588
3.7019935735146587
3.9208479921845143
3.915679284155153
3.5345935020029358
