152.79706129032255 976.4455239431677 673917419.4 982223.0625017623 404.3198924731183
252.72363571428556 972.3392889225 982223.0625017623 1624169.9695849025 252.6220238095238
1665.615302150537 972.3649667987834 1624169.9695849025 124329058.90078887 1610.0994623655913
847.2161822222222 974.6234172120443 124329058.90078887 7557648.175782102 887.1194444444444
995.6789645161286 972.6065686739909 7557648.175782102 14830706.670003988 987.5698924731183
929.2942022222222 972.8564085186113 14830706.670003988 10915132.87017705 926.8333333333334
767.4139591397849 972.7464638695907 10915132.87017705 4895572.2322868975 765.4596774193549
431.12749677419356 972.4958228892915 4895572.2322868975 2737969.0558791584 427.494623655914
245.37300888888888 972.4095187622352 2737969.0558791584 1544233.9619633523 240.59444444444443
177.72129999999999 972.3617693584785 1544233.9619633523 1106723.416487958 172.25806451612902
147.56192555555555 972.3442689366594 1106723.416487958 933117.3657467607 145.025
137.88417849462365 972.3373246946298 933117.3657467607 882439.1968679805 137.2768817204301
192.52534193548382 972.3352975678747 882439.1968679805 1241221.2397116504 192.48924731182797
363.8328714285716 972.3496488495884 1241221.2397116504 2333269.943864815 363.55059523809524
394.599911827957 972.3933307977545 2333269.943864815 2516320.079432667 392.3736559139785
628.10642 972.4006528031773 2516320.079432667 4007001.535418252 623.4388888888889
644.1209967741936 972.4602800614167 4007001.535418252 4109240.556296584 640.0241935483871
473.54181555555556 972.4643696222519 4109240.556296584 3016302.263624078 470.9138888888889
271.18103440860216 972.420652090545 3016302.263624078 1719519.4222696207 268.008064516129
162.77393333333336 972.3687807768907 1719519.4222696207 1019552.1677650979 158.93279569892474
133.5452422222222 972.3407820867105 1019552.1677650979 825543.0356444308 128.55555555555554
106.65085483870969 972.3330217214258 825543.0356444308 654183.7358252521 101.20967741935483
74.56098444444444 972.3261673494329 654183.7358252521 463319.57540963584 72.08888888888889
72.31939139784944 972.3185327830164 463319.57540963584 460043.1318410513 71.70698924731182
98.01943548387095 972.3184017252736 460043.1318410513 629928.8454298881 98.0510752688172
237.04086309523842 972.3251971538172 629928.8454298881 1526248.123691372 236.83333333333334
465.85905053763406 972.3610499249477 1526248.123691372 2978144.207403609 463.11559139784947
665.8578555555556 972.4191257682961 2978144.207403609 4243043.942775393 661.2361111111111
989.1259268817203 972.469721757711 4243043.942775393 14407218.60463203 979.9811827956989
756.23397 972.8446449612397 14407218.60463203 4827322.806348333 756.6277777777777
387.53503118279576 972.4930929122539 4827322.806348333 2463891.3173033316 384.63440860215053
181.27401182795697 972.3985556526922 2463891.3173033316 1140080.8977019398 177.64247311827958
136.90072555555557 972.345603235908 1140080.8977019398 845623.7519069017 131.94444444444446
101.44255698924734 972.3338249500763 845623.7519069017 615080.0292096569 96.03225806451613
77.43481444444444 972.3246032011683 615080.0292096569 479990.91072356445 74.93888888888888
67.56618602150536 972.319199636429 479990.91072356445 434578.53315785754 66.97043010752688
110.89918602150533 972.3173831413262 434578.53315785754 715407.4804430979 110.88978494623656
302.8837333333338 972.3286162992176 715407.4804430979 1944920.6524114362 302.5416666666667
383.3254290322584 972.3777968260964 1944920.6524114362 2448395.591612736 380.98655913978496
819.4387255555555 972.3979358236645 2448395.591612736 6421134.297242246 813.4444444444445
680.8548430107523 972.5592139290517 6421134.297242246 4339669.612498727 677.5322580645161
627.96371 972.4735867845 4339669.612498727 4008436.1693792054 624.9111111111112
417.2346989247312 972.4603374467752 4008436.1693792054 2656848.045252467 413.9247311827957
205.37462258064514 972.4062739218101 2656848.045252467 1291392.3337698192 201.7284946236559
146.45693111111112 972.3516556933507 1291392.3337698192 909752.2079320138 141.51944444444445
106.61271827956986 972.3363900883172 909752.2079320138 650684.6062523121 101.20430107526882
71.75980444444446 972.3260273842501 650684.6062523121 448192.8995598791 69.29444444444445
61.624349462365615 972.3179277159824 448192.8995598791 396035.63989948604 61.03225806451613
104.10189677419353 972.315841425596 396035.63989948604 672064.5041282718 104.09408602150538
223.60327619047604 972.3268825801651 672064.5041282718 1437010.6212756985 223.44940476190476
330.994565591398 972.357480424851 1437010.6212756985 2112311.392308165 328.6236559139785
579.5224933333334 972.3844924556923 2112311.392308165 3688744.291885483 574.875
434.0023827956989 972.4475497716754 3688744.291885483 2761433.951594619 430.51612903225805
428.1212 972.4104573580638 2761433.951594619 2731120.866602402 425.1222222222222
246.90537419354843 972.409244834664 2731120.866602402 1565567.0783830616 243.70967741935485
145.17097849462363 972.3626226831353 1565567.0783830616 908161.9111265604 141.33602150537635
97.12327111111112 972.336326476445 908161.9111265604 595304.8272168969 92.23611111111111
67.82804193548387 972.3238121930887 595304.8272168969 406124.75733066833 62.45967741935484
46.05429222222222 972.3162449902932 406124.75733066833 285617.2347011721 43.577777777777776
53.7609516129032 972.311424689388 285617.2347011721 344218.51980683225 53.12903225806452
121.27603548387094 972.3137687407923 344218.51980683225 778416.4039238608 121.20967741935483
209.67153571428528 972.3311366561569 778416.4039238608 1346874.7581723316 209.59821428571428
410.9385591397846 972.3538749903269 1346874.7581723316 2626704.0027243393 408.2930107526882
654.2694811111112 972.405068160109 2626704.0027243393 4171029.0384062906 649.5527777777778
623.2883268817204 972.4668411615362 4171029.0384062906 3974965.1045619845 619.3252688172043
489.2765855555555 972.4589986041825 3974965.1045619845 3117816.3788440106 486.5444444444444
273.8561666666667 972.4247126551537 3117816.3788440106 1735224.0378451769 270.7123655913978
145.83416344086024 972.3694089615137 1735224.0378451769 914702.3130462058 142.05913978494624
106.8055111111111 972.3365880925218 914702.3130462058 653370.9766587999 101.88333333333334
77.07843763440863 972.3261348390663 653370.9766587999 458870.283227311 71.69623655913979
60.47436666666667 972.3183548113291 458870.283227311 375047.3763228417 57.97222222222222
60.517020430107536 972.3150018950529 375047.3763228417 388778.03624884423 59.9005376344086
74.32024838709674 972.3155511214499 388778.03624884423 476891.0607405674 74.38172043010752
121.97929642857147 972.3190756424295 476891.0607405674 785982.8516501549 122.00892857142857
159.77195483870963 972.331439314066 785982.8516501549 1016728.6400767476 157.6720430107527
207.8639533333333 972.340669145603 1016728.6400767476 1310338.9995368102 204.11666666666667
157.3960193548387 972.3524135599814 1310338.9995368102 990926.8147078434 153.9811827956989
188.47113444444443 972.3396370725883 990926.8147078434 1192336.5938773463 185.5861111111111
109.95390430107528 972.347693463755 1192336.5938773463 682453.5208247241 106.66129032258064
63.29481182795699 972.3272981408329 682453.5208247241 386383.63452595775 59.42741935483871
47.99290666666666 972.315455345381 386383.63452595775 279564.99686249025 43.102777777777774
43.25610322580645 972.3111825998744 279564.99686249025 247584.5150231819 37.87096774193548
45.20734 972.3099033806009 247584.5150231819 273606.4865933198 42.675
51.190435483871 972.3109442594637 273606.4865933198 324629.669460947 50.56182795698925
99.17113548387094 972.3129851867784 324629.669460947 641717.2921220788 99.14784946236558
242.17091071428527 972.3256686916849 641717.2921220788 1558054.0143456194 241.95535714285714
432.1993817204305 972.3623221605737 1558054.0143456194 2759924.5036796182 429.5698924731183
886.1302233333333 972.4103969801472 2759924.5036796182 9133624.158911804 878.8305555555555
1241.7739215053766 972.6722343399546 9133624.158911804 38060776.32987678 1223.3951612903227
959.9976022222222 973.45592673477 38060776.32987678 12707670.032928264 965.625
579.6151440860215 972.7974352786924 12707670.032928264 3691660.633104144 578.983870967742
243.3698107526882 972.4476664253242 3691660.633104144 1537175.594504579 239.97043010752688
153.68094555555558 972.3614870237801 1537175.594504579 957820.2852165122 148.80833333333334
104.56165161290319 972.3383128114086 957820.2852165122 635817.0720687546 99.18010752688173
72.17968444444445 972.3254326828827 635817.0720687546 447904.5255588461 69.70833333333333
61.2187677419355 972.3179161810223 447904.5255588461 389629.4280364608 60.62903225806452
160.59746129032283 972.3155851771214 389629.4280364608 1032642.053468936 160.45430107526883
286.23076904761905 972.3413056821387 1032642.053468936 1839765.4514286146 286.0625
611.6744795698929 972.3735906180572 1839765.4514286146 3911580.6435807627 608.6102150537635
765.0582155555555 972.4564632257432 3911580.6435807627 4881909.390171112 760.4416666666667
716.6756827956989 972.4952763756069 4881909.390171112 4567833.402185341 712.6559139784946
384.8159133333333 972.4827133360874 4567833.402185341 2449899.5146515267 382.65833333333336
170.2712193548387 972.3979959805861 2449899.5146515267 1073923.7003637224 167.23655913978496
103.76353763440858 972.3429569480145 1073923.7003637224 644718.8297275195 99.89516129032258
83.34563 972.325788753189 644718.8297275195 503175.0717086692 78.41388888888889
61.70723225806452 972.3201270028683 503175.0717086692 364146.6030445127 56.33064516129032
46.40499222222222 972.3145658641217 364146.6030445127 287882.2661207629 43.91111111111111
51.2812193548387 972.3115152906448 287882.2661207629 330005.558253489 50.655913978494624
64.86412258064514 972.3132002223301 330005.558253489 419685.4125709692 64.9247311827957
113.21892142857138 972.3167874165028 419685.4125709692 731453.2694971174 113.24702380952381
140.61488602150538 972.3292581307799 731453.2694971174 889794.8393511546 138.55376344086022
300.4923933333333 972.335591793574 889794.8393511546 1902765.5385628082 296.3666666666667
358.1420053763441 972.3761106215425 1902765.5385628082 2275384.0229564924 354.252688172043
293.44944111111107 972.3910153609182 2275384.0229564924 1865193.0980054731 290.7111111111111
130.28332150537634 972.3746077239202 1865193.0980054731 817393.6184806253 127.16935483870968
66.10108924731182 972.3326957447392 817393.6184806253 403371.05402365123 62.274193548387096
47.72435333333333 972.3161348421609 403371.05402365123 278172.06079041417 42.84166666666667
42.91966774193548 972.3111268824316 278172.06079041417 246810.10976914698 37.534946236559136
42.18152 972.3098724043907 246810.10976914698 255332.44890962637 39.65833333333333
52.8049870967742 972.3102132979564 255332.44890962637 338771.475310972 52.163978494623656
87.79251290322584 972.3135508590124 338771.475310972 569664.0649154752 87.8010752688172
135.8988357142857 972.3227865625965 569664.0649154752 872946.7226537209 135.93154761904762
219.75025591397832 972.3349178689061 872946.7226537209 1400736.2889968199 217.502688172043
422.4805822222222 972.3560294515598 1400736.2889968199 2686207.449022772 418.1166666666667
596.2186258064515 972.4074482979609 2686207.449022772 3801445.0665177666 591.7956989247311
482.58958 972.4520578026606 3801445.0665177666 3079093.3788575763 479.81111111111113
291.53346236559145 972.4231637351543 3079093.3788575763 1846656.3122365435 288.31451612903226
135.71403333333333 972.3738662524894 1846656.3122365435 846080.6600607856 132.0188172043011
89.67316333333333 972.3338432264025 846080.6600607856 548350.7089173349 84.79166666666667
57.04714301075269 972.3219340283566 548350.7089173349 332689.1033816624 51.706989247311824
43.42457 972.3133075641352 332689.1033816624 262950.0278489969 40.93055555555556
52.7034516129032 972.3105180011139 262950.0278489969 333682.6834272517 52.06720430107527
123.55968387096775 972.313347307337 333682.6834272517 793387.0903522444 123.48387096774194
202.11109642857127 972.331735483614 793387.0903522444 1301133.8347347334 202.0625
354.63027096774226 972.3520453533894 1301133.8347347334 2265257.2163213585 352.13709677419354
627.7881455555555 972.3906102886529 2265257.2163213585 4004944.205450012 623.025
491.7239301075269 972.460197768218 4004944.205450012 3129759.350039467 488.1559139784946
469.00541555555554 972.4251903740015 3129759.350039467 2989985.20938741 466.0138888888889
177.1989451612903 972.4195994083755 2989985.20938741 1119099.0458668799 174.34139784946237
81.3027591397849 972.3447639618346 1119099.0458668799 495643.7585383602 77.53494623655914
56.83331111111111 972.3198257503415 495643.7585383602 335223.9096746606 51.95
44.06788924731183 972.313408956387 335223.9096746606 249029.94718725982 38.70161290322581
42.54877 972.3099611978874 249029.94718725982 258380.54588500303 40.025
60.3441903225806 972.3103352218353 258380.54588500303 385312.99299705843 59.685483870967744
133.37043870967744 972.3154125197199 385312.99299705843 857317.4565242495 133.29032258064515
200.01362500000027 972.3342926982609 857317.4565242495 1287416.394723106 199.9970238095238
447.1881784946239 972.3514966557889 1287416.394723106 2852603.9996574256 444.4139784946237
670.9529844444445 972.4141041599863 2852603.9996574256 4277802.691087826 666.2638888888889
747.6606892473121 972.4711121076435 4277802.691087826 4770994.820154981 743.3064516129032
651.7826822222222 972.4908397928062 4770994.820154981 4162793.9636515584 648.8166666666667
400.29926989247315 972.4665117585461 4162793.9636515584 2543152.40081475 397.10752688172045
165.637688172043 972.4017260960326 2543152.40081475 1035763.5316303523 162.09408602150538
118.83963111111112 972.3414305412651 1035763.5316303523 735044.4566847427 113.91388888888889
81.8521946236559 972.3294017782673 735044.4566847427 495995.79262913595 76.47849462365592
50.08640888888889 972.3198398317052 495995.79262913595 306350.16943335166 47.63333333333333
66.17560322580644 972.3122540067773 306350.16943335166 425148.3922635747 65.51881720430107
160.94107741935483 972.3170059356905 425148.3922635747 1038127.3907003931 160.80913978494624
231.84187261904805 972.341525095628 1038127.3907003931 1488466.3852412885 231.81845238095238
649.4626462365593 972.3595386554097 1488466.3852412885 4147969.056178807 646.1559139784946
794.4294211111112 972.4659187622472 4147969.056178807 5442448.331373266 789.6055555555556
936.7212827956987 972.5184353471406 5442448.331373266 11241045.600004112 929.494623655914
875.6394144444444 972.7566957111112 11241045.600004112 8735435.451536942 872.8777777777777
515.5794182795698 972.655643143814 8735435.451536942 3284247.0156288524 513.6908602150538
237.95083225806454 972.4313698806251 3284247.0156288524 1501944.124590247 234.41935483870967
159.98561 972.3600777649835 1501944.124590247 995660.6841981849 155.075
114.46709032258067 972.3398264273679 995660.6841981849 699195.0205518234 109.05913978494624
80.79374444444444 972.3279678008221 699195.0205518234 501214.92980430607 78.31944444444444
62.50432365591398 972.3200485971921 501214.92980430607 400686.3042155061 61.93010752688172
76.80820752688179 972.3160274521686 400686.3042155061 499949.3954803093 76.86559139784946
151.91376666666667 972.3199979758192 499949.3954803093 978022.9277161858 151.875
364.3118182795698 972.3391209171086 978022.9277161858 2326410.4062011996 361.6693548387097
382.3329344444445 972.393056416248 2326410.4062011996 2427118.366727832 378.46944444444443
850.3108720430107 972.3970847346691 2427118.366727832 7678374.248278116 843.7715053763441
478.99674666666664 972.6115989270115 7678374.248278116 3053492.3371114414 477.725
257.7041247311828 972.4221396934845 3053492.3371114414 1634161.5348134807 254.59139784946237
131.8838924731183 972.3653664613925 1634161.5348134807 820703.0412357498 128.1236559139785
93.74948555555557 972.3328281216494 820703.0412357498 574822.7060825797 88.84166666666667
64.16026666666667 972.3229929082432 574822.7060825797 377606.38136359025 58.80107526881721
45.40863 972.3151042552545 377606.38136359025 276800.0830169409 42.925
75.6946193548387 972.3110720033206 276800.0830169409 484863.01413808163 75.00268817204301
190.33703225806485 972.3193945205655 484863.01413808163 1224690.812798811 190.15860215053763
420.7162154761906 972.3489876325119 1224690.812798811 2703574.5920040617 420.2767857142857
923.7647516129032 972.4081429836801 2703574.5920040617 10717124.870892715 917.9274193548387
1378.5652855555554 972.7382135362872 10717124.870892715 59195640.31487506 1349.536111111111
1569.5668268817208 973.8468068799199 59195640.31487506 98132415.7192229 1540.3037634408602
1110.7399500000001 974.3601349534699 98132415.7192229 23102535.10338848 1134.463888888889
680.0085602150536 973.0861815306497 23102535.10338848 4338378.908007504 682.8897849462365
311.91387526881726 972.4735351563203 4338378.908007504 1978499.2964905791 308.505376344086
205.0027977777778 972.3791399718596 1978499.2964905791 1284456.1115040567 200.09444444444443
144.36670430107526 972.3513782444601 1284456.1115040567 891764.2621115831 138.94354838709677
107.59165333333333 972.3356705704845 891764.2621115831 676142.4633797779 105.10277777777777
82.71504193548385 972.3270456985351 676142.4633797779 532031.1259051979 82.15322580645162
132.66753870967744 972.3212812450362 532031.1259051979 856539.5002559982 132.64247311827958
256.8357630952385 972.3342615800102 856539.5002559982 1647769.7504682334 256.67261904761904
358.1149559139785 972.3659107900187 1647769.7504682334 2284154.7141282395 355.741935483871
534.9233477777777 972.3913661885651 2284154.7141282395 3405295.206509045 530.5
496.34282580645163 972.4362118082604 3405295.206509045 3160040.959160908 492.53494623655916
358.77593 972.4264016383664 3160040.959160908 2285582.9129535356 356.1611111111111
212.82552043010753 972.3914233165182 2285582.9129535356 1343186.9755011138 209.58333333333334
128.88228924731186 972.35372747902 1343186.9755011138 802221.4403191281 125.0241935483871
101.5222511111111 972.3320888576127 802221.4403191281 620232.2355758625 96.57777777777778
72.59813548387098 972.324809289423 620232.2355758625 434440.8548905652 67.22043010752688
53.315664444444444 972.3173776341956 434440.8548905652 328372.61506170087 50.827777777777776
56.240058064516134 972.3131349046024 328372.61506170087 358501.61436981347 55.61827956989247
102.77723225806454 972.3143400645747 358501.61436981347 664849.9945599634 102.75806451612904
135.18792142857137 972.3265939997824 664849.9945599634 868206.753196161 135.26190476190476
368.3048827956994 972.3347282701278 868206.753196161 2349950.3640393233 365.61021505376345
475.93918222222226 972.3939980145616 2349950.3640393233 3030575.28550303 471.75
641.3298623655915 972.4212230114201 3030575.28550303 4090198.4175348883 636.8790322580645
687.4432211111111 972.4636079367014 4090198.4175348883 4389359.5394999925 684.0972222222222
443.6469537634409 972.47557438158 4389359.5394999925 2819695.2174960845 440.38978494623655
200.81222795698923 972.4127878086998 2819695.2174960845 1265952.981000689 197.24193548387098
132.85934555555554 972.35063811924 1265952.981000689 822682.0470927184 127.96666666666667
91.96745913978494 972.3329072818836 822682.0470927184 558074.048863116 86.58602150537635
63.95555 972.3223229619545 558074.048863116 396656.72079882876 61.480555555555554
58.561772043010706 972.3158662688319 396656.72079882876 372867.2966727618 57.95967741935484
105.91364516129033 972.3149146918669 372867.2966727618 684829.2890078655 105.89247311827957
149.72448095238096 972.3273931715603 684829.2890078655 963942.3118593455 149.76785714285714
402.34485268817184 972.3385576924743 963942.3118593455 2568842.4931668816 399.5833333333333
470.83688222222224 972.4027536997266 2568842.4931668816 2998405.2202258264 466.75
687.636388172043 972.419936208809 2998405.2202258264 4385583.060755056 683.013440860215
577.3690888888889 972.4754233224302 4385583.060755056 3682590.2068315987 574.5027777777777
369.4019989247311 972.4473036082733 3682590.2068315987 2348353.99169908 366.13709677419354
179.93752903225806 972.393934159668 2348353.99169908 1128436.397388273 176.2688172043011
121.56982444444445 972.3451374558955 1128436.397388273 750953.8858760392 116.66944444444445
85.82717204301073 972.330038155435 750953.8858760392 520345.81796381174 80.44354838709677
55.60361555555555 972.3208138327185 520345.81796381174 342351.8259736363 53.141666666666666
59.916419354838695 972.313694073039 342351.8259736363 382176.64653746126 59.29032258064516
103.70842258064513 972.3152870658614 382176.64653746126 669898.9623236111 103.69623655913979
151.47801428571444 972.3267959584929 669898.9623236111 972160.7220569965 151.51190476190476
314.22190860215056 972.3388864288822 972160.7220569965 2003524.509098449 311.72849462365593
391.9543688888889 972.3801409803639 2003524.509098449 2493136.705240615 387.93055555555554
352.7224182795699 972.3997254682096 2493136.705240615 2239268.499308741 349.0725806451613
262.3214777777778 972.3895707399723 2239268.499308741 1666540.0212314846 259.6722222222222
135.10577311827953 972.3666616008493 1666540.0212314846 849602.6259297497 131.9005376344086
76.39913225806453 972.3339841050372 849602.6259297497 464933.6051422991 72.54838709677419
57.83500333333333 972.3185973442056 464933.6051422991 340916.41577671416 52.93611111111111
46.143852688172046 972.313636656631 340916.41577671416 261491.98806799165 40.77150537634409
44.91431 972.3104596795226 261491.98806799165 277445.0422636816 42.38611111111111
59.8782419354839 972.3110978016905 277445.0422636816 380647.8995908453 59.22849462365591
