612
612
612
612
612
397.2583333333333
204.54569892473117
150.9758064516129
107.75555555555556
82.84139784946237
130.90833333333333
185.16935483870967
222.50537634408602
533.4642857142857
571.516129032258
431.18055555555554
237.36021505376345
138.48611111111111
108.79569892473118
91.12096774193549
64.64444444444445
45.46236559139785
40.0
83.21505376344086
200.76344086021504
484.63988095238096
612
612
352.48118279569894
158.9138888888889
112.79569892473118
86.90860215053763
62.044444444444444
42.14247311827957
49.55555555555556
86.77688172043011
212.83870967741936
612
566.3413978494624
572.225
379.4247311827957
182.03333333333333
122.40591397849462
92.64247311827957
60.769444444444446
40.204301075268816
40.0
68.40591397849462
220.98655913978496
495.16964285714283
366.3037634408602
388.15
221.33064516129033
130.26111111111112
81.10752688172043
59.04838709677419
40.07222222222222
40.0
40.0
40.0
246.15591397849462
555.3869047619048
547.9543010752689
449.75555555555553
246.2715053763441
128.94722222222222
88.00268817204301
65.40860215053763
47.06666666666667
40.01075268817204
40.0
65.88709677419355
121.61290322580645
166.34821428571428
127.0
170.96944444444443
97.42204301075269
55.28888888888889
40.08064516129032
40.0
40.0
40.0
40.0
40.0
108.1236559139785
612
612
612
539.4086021505376
221.70277777777778
129.58602150537635
91.4758064516129
60.11944444444445
40.0
40.0
68.51881720430107
409.73118279569894
612
612
357.0833333333333
148.3951612903226
89.07222222222222
68.9758064516129
53.87903225806452
40.09722222222222
40.0
40.0
40.0
43.973118279569896
232.26785714285714
321.6747311827957
275.2361111111111
117.78763440860214
57.68888888888889
40.0
40.0
40.0
40.0
40.0
40.0
65.0752688172043
308.6220238095238
514.766129032258
444.8
267.3817204301075
122.74444444444444
76.38709677419355
51.81720430107527
40.0
40.0
40.0
40.0
222.07258064516128
528.0863095238095
442.0430107526882
446.30555555555554
161.6290322580645
72.3861111111111
47.96236559139785
40.005376344086024
40.0
40.0
40.0
40.0
255.9784946236559
522.3958333333334
612
606.7222222222222
368.94086021505376
147.09444444444443
100.46236559139786
73.0510752688172
44.28888888888889
40.00806451612903
40.0
50.56720430107527
410.81720430107526
589.8333333333334
612
612
474.52150537634407
213.44166666666666
132.84677419354838
100.04032258064517
69.86944444444444
41.793010752688176
40.01111111111111
65.82795698924731
129.94892473118279
266.3779761904762
612
443.06666666666666
233.1021505376344
116.92222222222222
78.15053763440861
57.844086021505376
40.0
40.0
40.0
70.50268817204301
508.5483870967742
612
612
612
612
281.46944444444443
171.46236559139786
127.06720430107526
86.70833333333333
51.38709677419355
67.925
106.31989247311827
225.88172043010752
467.57440476190476
439.3467741935484
324.25
186.38172043010752
112.10555555555555
84.3010752688172
63.25
42.19444444444444
40.00806451612903
40.0
40.0
212.8521505376344
305.4613095238095
517.3736559139785
612
409.14247311827955
180.9388888888889
111.1747311827957
81.05913978494624
54.075
40.00268817204301
40.0
45.424731182795696
226.72043010752688
333.8809523809524
584.986559139785
527.9888888888889
337.5860215053763
161.26666666666668
102.26075268817205
74.93010752688173
47.230555555555554
40.0
40.0
45.096774193548384
219.36021505376345
341.1577380952381
315.7956989247312
241.40277777777777
119.43279569892474
66.45
48.274193548387096
40.026881720430104
40.0
40.0
40.0
40.0
