1132.3548387096773
963.2142857142857
919.5483870967741
1022.8999999999999
1367.9032258064517
1563.2333333333333
1352.1290322580646
1014.258064516129
710.7
474.06451612903226
350.26666666666665
392.0967741935484
533.9677419354839
685.1071428571429
862.8064516129032
1141.3666666666666
1369.4516129032259
1353.5333333333333
1131.032258064516
846.4516129032259
601.3333333333334
398.5483870967742
267.3
262.741935483871
347.0967741935484
470.39285714285717
661.516129032258
933.1333333333333
1274.3225806451612
1438.8
1272.8064516129032
967.1290322580645
682.6333333333333
451.48387096774195
306.0
301.38709677419354
404.0967741935484
573.8214285714286
1063.5483870967741
1787.4032
2040
2040
1714.275612903226
1384.967741935484
999.6333333333333
676.8064516129032
459.76666666666665
375.0
404.35483870967744
515.8214285714286
645.5806451612904
739.9666666666667
803.3870967741935
842.5666666666667
772.9032258064516
601.516129032258
425.6
270.64516129032256
173.8
183.25806451612902
286.93548387096774
450.7142857142857
803.6774193548387
1221.1
1440.774193548387
1399.6333333333334
1137.258064516129
818.9677419354839
558.3
349.16129032258067
226.0
247.67741935483872
368.1290322580645
502.6071428571428
630.5483870967741
721.1
758.258064516129
716.6666666666666
592.8064516129032
443.96774193548384
301.73333333333335
170.51612903225808
93.53333333333333
121.93548387096774
226.61290322580646
366.82142857142856
568.4516129032259
954.4333333333333
1541.4516129032259
1728.2576
1538.0645161290322
1133.741935483871
770.5666666666667
485.9032258064516
302.96666666666664
267.9032258064516
343.2258064516129
485.0
723.4516129032259
1023.6666666666667
1145.0
981.2666666666667
724.3870967741935
508.4193548387097
331.76666666666665
181.80645161290323
89.4
101.29032258064517
186.48387096774192
288.9642857142857
406.03225806451616
588.8333333333334
754.6774193548387
713.6666666666666
537.8387096774194
373.3225806451613
229.93333333333334
102.41935483870968
26.133333333333333
56.61290322580645
163.5483870967742
282.32142857142856
392.741935483871
487.23333333333335
573.0
564.1666666666666
449.48387096774195
320.93548387096774
198.46666666666667
83.54838709677419
14.366666666666667
45.516129032258064
158.96774193548387
321.4642857142857
507.48387096774195
700.8
911.5806451612904
1012.8333333333335
884.6451612903226
644.741935483871
428.0
249.96774193548387
139.13333333333333
142.25806451612902
259.80645161290323
451.7857142857143
878.0322580645161
1582.6
2040
1860.0826666666667
1578.1935483870968
1181.032258064516
824.6666666666666
533.2258064516129
335.3
284.8709677419355
366.06451612903226
524.9285714285714
873.258064516129
1392.1
2001.8492903225806
1923.0834666666667
1601.258064516129
1193.5483870967741
825.7
528.0645161290323
333.4
282.5483870967742
345.258064516129
455.5357142857143
610.6774193548387
1063.8666666666666
1592.9032258064517
1680.5474666666667
1467.225806451613
1078.032258064516
735.1333333333333
459.2903225806452
272.6666666666667
233.93548387096774
335.6774193548387
522.3928571428571
973.9354838709677
1663.9717333333333
2040
2040
1672.3863225806451
1313.0645161290322
935.5666666666667
619.2258064516129
408.6
370.1290322580645
449.7741935483871
558.5357142857143
710.8064516129032
961.7333333333333
1259.5806451612902
1434.4666666666667
1333.6129032258063
1034.4516129032259
725.2666666666667
470.4516129032258
301.56666666666666
264.35483870967744
342.51612903225805
497.5357142857143
737.5483870967741
1120.5
1834.5912258064516
2040
1691.0090322580645
1347.774193548387
958.7333333333333
630.1935483870968
406.8333333333333
336.80645161290323
403.741935483871
561.3571428571429
951.5483870967741
1911.2250666666666
2040
2040
1693.9055483870966
1346.1290322580646
959.2333333333333
633.8709677419355
412.93333333333334
349.7096774193548
407.64516129032256
530.3928571428571
718.2258064516129
916.7
1063.258064516129
1107.1666666666667
975.3225806451613
738.2258064516129
517.5333333333333
322.2903225806452
189.06666666666666
189.61290322580646
