430.16129032258067
251.35416666666666
487.0
487.0
487.0
487.0
487.0
430.16129032258067
246.94444444444446
167.28494623655914
148.16666666666666
131.43817204301075
191.18279569892474
370.4166666666667
394.31451612903226
487.0
487.0
469.19444444444446
262.8763440860215
167.28494623655914
123.47222222222223
107.54032258064517
61.736111111111114
71.69354838709677
107.54032258064517
224.89583333333334
466.008064516129
487.0
487.0
487.0
382.36559139784947
179.23387096774192
135.81944444444446
95.59139784946237
74.08333333333333
71.69354838709677
107.54032258064517
304.2708333333333
382.36559139784947
487.0
487.0
487.0
406.26344086021504
203.13172043010752
148.16666666666666
95.59139784946237
74.08333333333333
59.744623655913976
107.54032258064517
224.89583333333334
322.6209677419355
487.0
442.11021505376345
419.80555555555554
238.9784946236559
143.38709677419354
98.77777777777777
59.744623655913976
49.388888888888886
47.795698924731184
119.48924731182795
211.66666666666666
406.26344086021504
487.0
487.0
487.0
274.8252688172043
131.43817204301075
111.125
71.69354838709677
49.388888888888886
59.744623655913976
83.64247311827957
119.0625
155.33602150537635
209.90277777777777
143.38709677419354
197.55555555555554
95.59139784946237
59.744623655913976
49.388888888888886
35.846774193548384
49.388888888888886
47.795698924731184
95.59139784946237
238.125
430.16129032258067
487.0
487.0
487.0
487.0
250.92741935483872
148.16666666666666
95.59139784946237
74.08333333333333
59.744623655913976
155.33602150537635
291.0416666666667
487.0
487.0
487.0
382.7638888888889
167.28494623655914
95.59139784946237
86.43055555555556
47.795698924731184
49.388888888888886
47.795698924731184
71.69354838709677
105.83333333333333
143.38709677419354
296.3333333333333
346.51881720430106
296.3333333333333
131.43817204301075
59.744623655913976
37.041666666666664
35.846774193548384
49.388888888888886
47.795698924731184
83.64247311827957
145.52083333333334
215.08064516129033
419.80555555555554
487.0
481.5416666666667
286.7741935483871
131.43817204301075
86.43055555555556
47.795698924731184
49.388888888888886
47.795698924731184
119.48924731182795
211.66666666666666
346.51881720430106
487.0
487.0
469.19444444444446
179.23387096774192
71.69354838709677
49.388888888888886
47.795698924731184
37.041666666666664
59.744623655913976
131.43817204301075
198.4375
442.11021505376345
487.0
487.0
487.0
394.31451612903226
167.28494623655914
111.125
83.64247311827957
37.041666666666664
71.69354838709677
155.33602150537635
238.125
487.0
487.0
487.0
487.0
487.0
238.9784946236559
160.51388888888889
107.54032258064517
74.08333333333333
59.744623655913976
83.64247311827957
145.52083333333334
358.46774193548384
382.7638888888889
487.0
481.5416666666667
262.8763440860215
119.48924731182795
98.77777777777777
47.795698924731184
49.388888888888886
71.69354838709677
191.18279569892474
423.3333333333333
487.0
487.0
487.0
487.0
487.0
310.6720430107527
197.55555555555554
143.38709677419354
98.77777777777777
83.64247311827957
131.43817204301075
251.35416666666666
358.46774193548384
487.0
487.0
358.06944444444446
215.08064516129033
119.48924731182795
98.77777777777777
71.69354838709677
49.388888888888886
59.744623655913976
95.59139784946237
132.29166666666666
370.4166666666667
469.19444444444446
487.0
487.0
442.11021505376345
191.18279569892474
135.81944444444446
83.64247311827957
61.736111111111114
59.744623655913976
107.54032258064517
145.52083333333334
394.31451612903226
469.19444444444446
487.0
487.0
358.46774193548384
179.23387096774192
123.47222222222223
71.69354838709677
61.736111111111114
59.744623655913976
95.59139784946237
158.75
310.6720430107527
382.7638888888889
346.51881720430106
259.2916666666667
143.38709677419354
71.69354838709677
49.388888888888886
35.846774193548384
49.388888888888886
59.744623655913976
