2260
2260
2260
2260
2260
2260
2254.3951612903224
1573.3682795698924
1040.861111111111
701.1666666666666
578.1
1076.225806451613
1846.6344086021506
2169.315476190476
2059.5564516129034
2148.5138888888887
2147.5860215053763
1908.4555555555555
1456.8655913978494
1072.8897849462367
774.3916666666667
547.4005376344086
379.96944444444443
490.0833333333333
1146.3172043010752
2260
2260
2258.725
2260
2260
1708.002688172043
1188.284946236559
848.7166666666667
570.241935483871
414.8833333333333
478.3010752688172
1488.4596774193549
2260
2260
2260
2260
2260
2260
1661.5779569892472
1179.1055555555556
765.5483870967741
553.6666666666666
1677.9569892473119
2260
2260
2260
2260
2244.3817204301076
1393.0
1061.6505376344087
782.4220430107526
692.5777777777778
358.6639784946237
254.3138888888889
294.5940860215054
1202.1209677419354
1677.2410714285713
1650.9112903225807
2260
2212.260752688172
2237.6194444444445
1693.9301075268818
1175.975806451613
853.8777777777777
517.1666666666666
378.46666666666664
546.9435483870968
1097.1989247311828
1042.9375
1088.225806451613
1937.9666666666667
1125.8467741935483
1022.1138888888889
764.516129032258
544.0779569892474
443.4166666666667
211.3494623655914
170.9111111111111
1404.1827956989248
2260
2260
2260
2260
2260
2260
2260
1576.2956989247311
1046.5388888888888
690.2150537634409
454.06666666666666
777.5806451612904
1649.2016129032259
2260
2260
2260
2153.8172043010754
1593.2166666666667
1027.8494623655913
697.5672043010753
502.0527777777778
248.68817204301075
161.24166666666667
205.91666666666666
433.1209677419355
1037.2232142857142
1664.5
1227.3777777777777
1220.6639784946237
1080.888888888889
704.9408602150538
458.84139784946234
284.90833333333336
155.35752688172042
112.58611111111111
234.7311827956989
636.986559139785
1888.1964285714287
2260
1831.9666666666667
1456.6344086021506
1125.588888888889
768.508064516129
476.7903225806452
301.52222222222224
144.49462365591398
84.54444444444445
246.69354838709677
1087.758064516129
2260
2071.8521505376343
1839.2222222222222
1546.1317204301076
1515.3638888888888
1086.6451612903227
727.5752688172043
481.71666666666664
299.03225806451616
201.36666666666667
1007.1102150537635
2260
2260
2260
2260
2260
2260
2066.22311827957
1407.534946236559
971.7388888888889
640.8709677419355
406.075
466.2876344086022
1610.0645161290322
2260
2260
2260
2260
2260
2260
1551.3091397849462
1065.9083333333333
691.9784946236559
470.19166666666666
439.8736559139785
612.5618279569892
1334.0892857142858
1879.9112903225807
1979.6638888888888
2260
2260
1775.3790322580646
1228.3172043010752
852.2222222222222
521.5591397849462
354.26666666666665
759.3951612903226
1717.5483870967741
2260
2260
2260
2260
2260
2260
1869.282258064516
1332.0666666666666
838.3736559139785
557.4333333333333
539.9005376344086
1257.4623655913979
2260
1664.034946236559
2260
1937.3629032258063
2121.7472222222223
1814.4166666666667
1374.8413978494623
1011.8583333333333
577.8494623655914
502.5444444444444
593.1102150537635
1219.241935483871
1761.7470238095239
2260
2260
2260
2260
2260
1776.6935483870968
1290.225
756.252688172043
623.925
760.5698924731183
1356.4569892473119
899.639880952381
2260
2260
2260
2260
2209.75
1567.0887096774193
1265.1416666666667
747.7150537634409
504.88055555555553
913.4784946236559
1678.508064516129
2260
2260
1575.4888888888888
1475.1962365591398
1381.3805555555555
1111.2069892473119
803.9166666666666
560.7361111111111
350.255376344086
383.125
607.752688172043
