12686.314167264038
4226.696571428572
5117.489935483871
4211.3805694444445
3559.635301075269
3367.989833333333
2870.6737419354836
2123.8007311827955
1548.5692111111111
1166.0336666666667
1047.4198000000001
1614.816387096774
2491.0748602150534
2830.007154761905
2730.339677419355
2841.2682555555557
2802.4355053763443
2531.9466555555555
2001.0577204301073
1544.8264301075267
1160.1822000000006
925.3244408602145
695.3230444444443
861.5380107526883
1609.3449784946233
3904.9169285714283
3778.1229139784946
2911.514333333333
3034.7883655913984
2805.520633333333
2157.93023655914
1586.784043010753
1204.3886333333337
886.251838709677
739.9154666666664
868.5776881720433
1925.779064516129
4208.00086996337
4938.958030913979
4902.075074074073
5165.537215053763
4398.7072
3086.2751290322585
2352.56476344086
1820.4858888888887
1228.4188767117582
1142.8046666666667
2319.54776344086
3520.011959921799
3329.546369047619
3899.1538064516126
4149.616122222223
2974.0716881720427
2055.5341
1690.5810860215056
1257.7364946236557
1130.5078444444448
755.5979139784947
622.5675888888888
652.2160860215054
1781.6712258064513
2279.0286785714284
2430.2854838709677
3011.3476444444445
2944.30888172043
2938.3747111111106
2295.765172043011
1711.3416451612898
1342.0242777777778
1016.1791182795696
864.1727333333337
1066.938483870968
1569.7033763440859
1509.493
1587.969516129032
2414.5143999999996
1516.4403870967744
1352.481988888889
986.1992903225811
743.0105053763443
609.5549333333337
365.58049462365636
347.09414444444405
1670.4164086021508
3522.3808320355947
3438.7933571428575
4224.780182795699
5118.234888888889
3389.2715913978495
3270.6935888888893
2625.4944301075266
1823.6915698924731
1275.6486888888887
903.8585698924729
700.1700999999996
1029.7832903225803
2042.9578709677419
2992.2150714285717
3429.051903225806
3080.7134000000005
2462.2642043010756
1896.6240333333337
1317.0987526881722
999.6402688172043
790.4393444444448
523.8747526881717
445.07306666666665
515.2318602150536
1049.4896129032254
1574.8910714285712
2068.744129032258
1599.3118444444447
1561.1332043010757
1408.229388888889
1026.4555053763438
755.4863655913983
558.3570333333333
416.8077526881724
373.09531111111113
631.1973118279569
1159.657139784946
2503.8310357142855
3248.78282795699
2369.8793166666665
2178.6137997571977
1816.5889055555558
1149.000064516129
820.1388064516132
620.6047555555552
453.798591397849
373.91581111111145
701.4760645161288
1824.470258064516
3939.8600347985307
2823.7596344086023
2548.872122222222
2066.2876204301074
2206.363905555556
1720.9340645161296
1301.8217079431154
971.3672706172836
641.7670000000002
531.0879666666667
1527.4696989247313
3703.0907311827955
3517.368845238095
4193.0092043010745
3586.201522222222
4167.375258064516
3365.248488888889
2521.604537634409
1867.391817204301
1391.324955555556
1056.2906774193546
833.4339
1053.7389892473122
2548.7557419354844
3633.5662619047625
4411.049139784946
4433.901933333334
4502.711569892473
4073.8432444444443
2990.293870967742
2268.586043010753
1683.6710666666663
1302.054430107527
1062.8748333333338
1057.2875913978496
1278.7575053763442
2155.1620357142856
2719.4085161290327
2707.833555555556
3179.5868924731185
2877.1407555555556
2400.469516129033
1809.2443655913983
1397.8913222222222
1043.545107526881
988.9567999999997
1595.5645806451616
2541.048483870968
3878.988011904766
4986.518462365591
5039.9505
5718.396870967742
4830.259822222222
3433.5955376344086
2595.406580645161
2005.3318518518518
1446.0304946236565
1163.0003666666662
1242.4183763440856
2217.561462365591
4310.346797619043
2577.290913978495
3350.402444444444
2707.6221290322583
2888.7308888888892
2545.349602150538
2078.6196881720434
1695.1854000000003
1234.3763655913986
1158.9639777777775
1291.6134731182794
2241.288322580641
2749.246916666667
3381.99617204301
3645.8998222222217
3897.2162365591403
4485.166877777778
3434.3647634408608
2672.116387096775
2091.9237
1492.857043010753
1372.8605
1542.2981182795702
2197.753344086022
1816.401773809524
4112.838860215054
4541.32008888889
5439.798161290323
4517.276200000001
2951.074774193548
2262.021483870967
1945.7043666666666
1385.4445053763438
1160.0877222222225
1782.5260107526879
2643.30035483871
3236.609761904762
3951.8687956989247
2303.773388888889
2132.976849462366
2028.5762888888885
1763.6138924731179
1409.9493763440855
1132.409444444444
918.3622150537631
960.588433333333
1383.826204301075
